Node	k = 0	k = 1	k = 2	k = 3	k = 4	k = 5	k = 6	k = 7	k = 8	k = 9	k = 10
7	8.5	9.8	10.9	11.9	12.8	13.7	14.7	15.4	16.2	17.0	17.7
29	4.5	185.5	186.2	186.8	187.3	187.8	188.3	188.8	189.2	189.7	190.1
5	29.0	30.5	31.5	32.5	33.4	34.3	35.2	36.1	36.8	37.6	38.4
8	3.3	4.8	5.8	6.8	7.8	8.8	9.8	10.7	11.7	12.6	13.5
18	2.0	95.0	96.0	96.7	97.5	98.2	98.9	99.5	100.1	100.8	101.4
37	0.5	372.5	373.2	373.8	374.3	374.8	375.3	375.8	376.2	376.7	377.1
28	0.5	244.5	245.2	246.0	246.8	247.4	248.1	248.7	249.3	249.8	250.3
82	0.2	93.2	94.2	95.2	96.1	97.0	97.7	98.5	99.2	99.9	100.5
30	0.2	1.8	3.0	4.3	5.4	6.5	7.6	8.8	9.8	10.8	11.7
87	0.2	252.2	253.1	254.0	254.9	255.7	256.4	257.2	257.9	258.5	259.1
95	0.0	94.0	95.2	96.2	97.1	98.0	98.9	99.8	100.6	101.5	102.2
40	0.2	96.2	97.8	99.0	100.3	101.4	102.5	103.6	104.7	105.6	106.5
84	0.0	360.0	361.1	362.2	363.2	364.1	365.0	365.8	366.6	367.3	368.0
79	0.0	291.0	291.6	292.1	292.6	293.2	293.7	294.2	294.7	295.2	295.6
81	0.0	1.5	2.5	3.5	4.5	5.5	6.5	7.5	8.4	9.3	10.3
12	0.0	1.2	2.4	3.3	4.3	5.2	6.1	6.9	7.7	8.4	9.1
58	0.0	1.4	2.4	3.3	4.3	5.2	6.1	7.0	7.8	8.7	9.6
70	0.0	623.0	623.5	623.9	624.4	624.7	625.1	625.5	625.8	626.1	626.3
50	0.0	94.0	94.9	95.7	96.5	97.3	98.0	98.7	99.4	100.1	100.7
62	0.0	182.0	183.1	183.9	184.6	185.3	185.9	186.5	187.1	187.6	188.2
