Graph,Nodes,Edges,k,In. Score,In. Rank,Fin. Score Greedy,Fin. Rank Greedy,Fin. Score Degree,Fin. Rank Degree,Fin. Score Betw.,Fin. Rank Betw.,Fin. Score Random,Fin. Rank Random
Graph: Mus_musculus, sample: 0
Mus_musculus,3745,5170,2539.74,1500.0,104574.0,176.0,18686.0,841.0,18686.0,841.0,7590.03,1301.6
Mus_musculus,3745,5170,2539.74,1500.0,282784.0,38.0,198934.0,70.0,391659.0,25.0,10824.6,1138.4
Mus_musculus,3745,5170,2539.74,1500.0,708418.0,9.0,253042.0,50.0,463327.0,22.0,16293.5,941.4
Mus_musculus,3745,5170,2539.74,1500.0,1042330.0,3.0,350549.0,31.0,564278.0,14.0,19578.4,849.3
Mus_musculus,3745,5170,2539.74,1500.0,1345850.0,3.0,547498.0,16.0,801689.0,7.0,22232.9,796.2
Mus_musculus,3745,5170,2539.74,1500.0,1670150.0,3.0,664881.0,9.0,996592.0,5.0,24707.5,749.7
Mus_musculus,3745,5170,2539.74,1500.0,2026740.0,2.0,736394.0,9.0,1344910.0,3.0,27854.4,696.1
Mus_musculus,3745,5170,2539.74,1500.0,2318980.0,2.0,1282670.0,3.0,1647110.0,3.0,30802.1,635.0
Mus_musculus,3745,5170,2539.74,1500.0,2620430.0,2.0,1343570.0,3.0,1968280.0,2.0,36948.5,570.6
Mus_musculus,3745,5170,2539.74,1500.0,2923570.0,2.0,1775150.0,3.0,2100660.0,2.0,40653.4,526.5
Graph: Mus_musculus, sample: 1
Mus_musculus,3745,5170,0.0,1679.0,140133.0,117.0,24822.2,719.0,24822.2,719.0,8933.53,1236.8
Mus_musculus,3745,5170,0.0,1679.0,320697.0,34.0,236076.0,54.0,443091.0,22.0,18619.2,942.8
Mus_musculus,3745,5170,0.0,1679.0,765799.0,8.0,297549.0,36.0,518112.0,15.0,24466.9,807.6
Mus_musculus,3745,5170,0.0,1679.0,1129570.0,3.0,399012.0,25.0,618952.0,10.0,29623.4,719.0
Mus_musculus,3745,5170,0.0,1679.0,1459280.0,3.0,608803.0,10.0,869343.0,6.0,39694.8,554.5
Mus_musculus,3745,5170,0.0,1679.0,1793700.0,3.0,739052.0,9.0,1080080.0,4.0,45997.9,462.8
Mus_musculus,3745,5170,0.0,1679.0,2153700.0,2.0,813763.0,9.0,1445640.0,3.0,53501.5,399.9
Mus_musculus,3745,5170,0.0,1679.0,2448300.0,2.0,1381210.0,3.0,1758340.0,3.0,58751.5,358.8
Mus_musculus,3745,5170,0.0,1679.0,2750070.0,2.0,1444310.0,3.0,2090060.0,2.0,70047.8,290.7
Mus_musculus,3745,5170,0.0,1679.0,3052130.0,2.0,1714890.0,3.0,2246840.0,2.0,80434.5,258.8
Graph: Mus_musculus, sample: 2
Mus_musculus,3745,5170,38325.8,516.0,288480.0,37.0,63908.6,312.0,63908.6,312.0,61666.2,364.8
Mus_musculus,3745,5170,38325.8,516.0,531578.0,16.0,288046.0,36.0,509446.0,17.0,72549.7,305.0
Mus_musculus,3745,5170,38325.8,516.0,854320.0,5.0,362705.0,31.0,613780.0,10.0,84558.8,252.3
Mus_musculus,3745,5170,38325.8,516.0,1292540.0,3.0,505104.0,17.0,757035.0,8.0,92188.6,226.7
Mus_musculus,3745,5170,38325.8,516.0,1640360.0,3.0,736421.0,9.0,1035920.0,4.0,105246.0,187.2
Mus_musculus,3745,5170,38325.8,516.0,1980290.0,2.0,869457.0,6.0,1229200.0,3.0,122813.0,155.9
Mus_musculus,3745,5170,38325.8,516.0,2305180.0,2.0,969457.0,4.0,1599200.0,3.0,131849.0,140.9
Mus_musculus,3745,5170,38325.8,516.0,2609410.0,2.0,1560500.0,3.0,1926130.0,2.0,143637.0,125.1
Mus_musculus,3745,5170,38325.8,516.0,2899870.0,2.0,1629660.0,3.0,2230890.0,2.0,154678.0,113.7
Mus_musculus,3745,5170,38325.8,516.0,3199110.0,2.0,1930840.0,3.0,2359230.0,2.0,166241.0,102.1
Graph: Mus_musculus, sample: 3
Mus_musculus,3745,5170,14968.0,971.0,42870.6,462.0,42870.6,462.0,42870.6,462.0,18425.5,848.2
Mus_musculus,3745,5170,14968.0,971.0,413705.0,22.0,226008.0,56.0,413705.0,22.0,20140.3,817.3
Mus_musculus,3745,5170,14968.0,971.0,739335.0,9.0,280324.0,40.0,486441.0,19.0,21220.6,796.4
Mus_musculus,3745,5170,14968.0,971.0,1111850.0,3.0,379251.0,25.0,591002.0,10.0,22563.8,774.8
Mus_musculus,3745,5170,14968.0,971.0,1444690.0,3.0,577548.0,13.0,825625.0,7.0,23784.3,744.3
Mus_musculus,3745,5170,14968.0,971.0,1805680.0,3.0,696314.0,9.0,1024050.0,4.0,25121.0,717.3
Mus_musculus,3745,5170,14968.0,971.0,2104680.0,2.0,768273.0,9.0,1374640.0,3.0,26228.9,699.6
Mus_musculus,3745,5170,14968.0,971.0,2408890.0,2.0,1315350.0,3.0,1677730.0,3.0,27390.6,679.6
Mus_musculus,3745,5170,14968.0,971.0,2720900.0,2.0,1376620.0,3.0,2005030.0,2.0,28527.1,664.1
Mus_musculus,3745,5170,14968.0,971.0,3034290.0,2.0,1807680.0,3.0,2155100.0,2.0,29382.0,651.5
Graph: Mus_musculus, sample: 4
Mus_musculus,3745,5170,0.0,1679.0,71300.5,277.0,71300.5,277.0,71300.5,277.0,3286.59,1482.0
Mus_musculus,3745,5170,0.0,1679.0,446064.0,22.0,258147.0,47.0,446064.0,22.0,9647.23,1216.3
Mus_musculus,3745,5170,0.0,1679.0,771591.0,9.0,311949.0,35.0,519876.0,15.0,14631.7,1033.1
Mus_musculus,3745,5170,0.0,1679.0,1144280.0,3.0,413264.0,23.0,625083.0,10.0,17913.6,926.7
Mus_musculus,3745,5170,0.0,1679.0,1475500.0,3.0,611034.0,10.0,860925.0,6.0,22728.1,792.4
Mus_musculus,3745,5170,0.0,1679.0,1836260.0,3.0,728498.0,9.0,1058730.0,4.0,24449.8,754.5
Mus_musculus,3745,5170,0.0,1679.0,2135550.0,2.0,800573.0,9.0,1409010.0,3.0,28240.4,687.6
Mus_musculus,3745,5170,0.0,1679.0,2438520.0,2.0,1345750.0,3.0,1711720.0,3.0,31129.2,637.5
Mus_musculus,3745,5170,0.0,1679.0,2749450.0,2.0,1407160.0,3.0,2037560.0,2.0,33684.1,603.4
Mus_musculus,3745,5170,0.0,1679.0,3065430.0,2.0,1672930.0,3.0,2186540.0,2.0,36429.1,563.8
Graph: HC-BIOGRID, sample: 0
HC-BIOGRID,4039,10321,0.0,3135.0,219780.0,69.0,14256.0,1369.0,20198.0,1108.0,4379.24,2239.6
HC-BIOGRID,4039,10321,0.0,3135.0,433445.0,14.0,97298.8,237.0,97298.8,237.0,11695.8,1667.4
HC-BIOGRID,4039,10321,0.0,3135.0,808190.0,5.0,371614.0,23.0,210506.0,75.0,17961.1,1271.6
HC-BIOGRID,4039,10321,0.0,3135.0,1119200.0,4.0,597503.0,6.0,419636.0,16.0,25000.4,1065.7
HC-BIOGRID,4039,10321,0.0,3135.0,1436000.0,2.0,736623.0,5.0,516433.0,10.0,30127.5,939.2
HC-BIOGRID,4039,10321,0.0,3135.0,1796180.0,1.0,920203.0,3.0,846340.0,6.0,33375.1,852.1
HC-BIOGRID,4039,10321,0.0,3135.0,2136040.0,1.0,1108540.0,3.0,1066830.0,4.0,38890.8,745.6
HC-BIOGRID,4039,10321,0.0,3135.0,2449210.0,1.0,1255080.0,3.0,1275330.0,3.0,41665.7,690.0
HC-BIOGRID,4039,10321,0.0,3135.0,2758890.0,1.0,1567630.0,2.0,1428250.0,2.0,44550.7,639.2
HC-BIOGRID,4039,10321,0.0,3135.0,3089620.0,1.0,1730230.0,1.0,1550820.0,2.0,57621.4,533.7
Graph: HC-BIOGRID, sample: 1
HC-BIOGRID,4039,10321,12057.8,1470.0,218403.0,69.0,139168.0,136.0,115910.0,183.0,27738.8,919.9
HC-BIOGRID,4039,10321,12057.8,1470.0,523008.0,9.0,256276.0,49.0,256276.0,49.0,44551.9,622.0
HC-BIOGRID,4039,10321,12057.8,1470.0,906999.0,5.0,532341.0,9.0,389485.0,19.0,55522.4,491.4
HC-BIOGRID,4039,10321,12057.8,1470.0,1265710.0,3.0,759290.0,5.0,600517.0,7.0,63937.3,429.1
HC-BIOGRID,4039,10321,12057.8,1470.0,1598460.0,2.0,903137.0,4.0,743909.0,5.0,71393.2,375.4
HC-BIOGRID,4039,10321,12057.8,1470.0,1964250.0,1.0,1097270.0,3.0,1092130.0,4.0,80384.2,323.2
HC-BIOGRID,4039,10321,12057.8,1470.0,2344940.0,1.0,1283490.0,3.0,1319350.0,3.0,92961.5,267.5
HC-BIOGRID,4039,10321,12057.8,1470.0,2665710.0,1.0,1429070.0,3.0,1536030.0,2.0,101862.0,239.9
HC-BIOGRID,4039,10321,12057.8,1470.0,2988940.0,1.0,1732400.0,1.0,1695310.0,1.0,111772.0,208.1
HC-BIOGRID,4039,10321,12057.8,1470.0,3331520.0,1.0,1903310.0,1.0,1812580.0,1.0,118201.0,187.3
Graph: HC-BIOGRID, sample: 2
HC-BIOGRID,4039,10321,172337.0,98.0,654876.0,5.0,306720.0,34.0,274044.0,44.0,207038.0,76.3
HC-BIOGRID,4039,10321,172337.0,98.0,1063340.0,3.0,459868.0,11.0,426124.0,15.0,235418.0,61.5
HC-BIOGRID,4039,10321,172337.0,98.0,1446280.0,2.0,781801.0,4.0,572175.0,8.0,292313.0,42.0
HC-BIOGRID,4039,10321,172337.0,98.0,1828620.0,1.0,1042500.0,3.0,817210.0,5.0,311080.0,36.6
HC-BIOGRID,4039,10321,172337.0,98.0,2229450.0,1.0,1211020.0,3.0,975298.0,4.0,336984.0,30.9
HC-BIOGRID,4039,10321,172337.0,98.0,2527600.0,1.0,1417100.0,3.0,1276070.0,3.0,358639.0,26.7
HC-BIOGRID,4039,10321,172337.0,98.0,2831690.0,1.0,1639330.0,2.0,1504300.0,2.0,378635.0,23.0
HC-BIOGRID,4039,10321,172337.0,98.0,3143120.0,1.0,1798030.0,1.0,1725020.0,1.0,399227.0,20.7
HC-BIOGRID,4039,10321,172337.0,98.0,3476150.0,1.0,2118030.0,1.0,1895180.0,1.0,432374.0,16.7
HC-BIOGRID,4039,10321,172337.0,98.0,3784310.0,1.0,2236650.0,1.0,2006190.0,1.0,458411.0,13.5
Graph: HC-BIOGRID, sample: 3
HC-BIOGRID,4039,10321,564.943,2832.0,67172.6,393.0,42256.2,615.0,41382.1,629.0,8842.44,1829.3
HC-BIOGRID,4039,10321,564.943,2832.0,262627.0,43.0,119009.0,178.0,119009.0,178.0,13381.2,1426.3
HC-BIOGRID,4039,10321,564.943,2832.0,627925.0,6.0,375108.0,22.0,219632.0,69.0,16760.5,1262.0
HC-BIOGRID,4039,10321,564.943,2832.0,952253.0,3.0,567298.0,9.0,394015.0,18.0,20355.5,1118.7
HC-BIOGRID,4039,10321,564.943,2832.0,1211480.0,3.0,782621.0,5.0,522114.0,9.0,24558.8,984.9
HC-BIOGRID,4039,10321,564.943,2832.0,1520790.0,3.0,873915.0,4.0,845286.0,6.0,26027.7,944.2
HC-BIOGRID,4039,10321,564.943,2832.0,1871400.0,1.0,993946.0,3.0,1060900.0,4.0,27506.4,905.1
HC-BIOGRID,4039,10321,564.943,2832.0,2237220.0,1.0,1187010.0,3.0,1266540.0,3.0,28932.8,870.8
HC-BIOGRID,4039,10321,564.943,2832.0,2575210.0,1.0,1329420.0,3.0,1416850.0,2.0,30033.4,845.5
HC-BIOGRID,4039,10321,564.943,2832.0,2876110.0,1.0,1646010.0,2.0,1535240.0,2.0,31268.7,816.8
Graph: HC-BIOGRID, sample: 4
HC-BIOGRID,4039,10321,16146.0,1242.0,336518.0,33.0,31068.8,819.0,33546.2,764.0,24185.3,997.1
HC-BIOGRID,4039,10321,16146.0,1242.0,535883.0,10.0,114989.0,185.0,114989.0,185.0,33041.2,807.2
HC-BIOGRID,4039,10321,16146.0,1242.0,727718.0,5.0,391660.0,19.0,231627.0,64.0,44589.7,646.5
HC-BIOGRID,4039,10321,16146.0,1242.0,918305.0,4.0,584673.0,8.0,413291.0,17.0,50529.2,577.8
HC-BIOGRID,4039,10321,16146.0,1242.0,1347860.0,2.0,719244.0,5.0,548703.0,8.0,58266.6,502.4
HC-BIOGRID,4039,10321,16146.0,1242.0,1629090.0,1.0,903567.0,4.0,889222.0,5.0,66171.8,432.2
HC-BIOGRID,4039,10321,16146.0,1242.0,1937490.0,1.0,1026580.0,3.0,1106390.0,3.0,73050.1,386.7
HC-BIOGRID,4039,10321,16146.0,1242.0,2281070.0,1.0,1224160.0,3.0,1312400.0,3.0,84094.2,329.3
HC-BIOGRID,4039,10321,16146.0,1242.0,2597980.0,1.0,1529650.0,2.0,1462810.0,2.0,91249.6,290.7
HC-BIOGRID,4039,10321,16146.0,1242.0,2895000.0,1.0,1692950.0,1.0,1581680.0,2.0,96989.8,259.8
Graph: Caenorhabditis_elegans, sample: 0
Caenorhabditis_elegans,4346,9677,85452.4,165.0,197949.0,62.0,114798.0,115.0,118032.0,111.0,88380.2,162.4
Caenorhabditis_elegans,4346,9677,85452.4,165.0,259481.0,46.0,127646.0,98.0,145921.0,85.0,91554.1,154.3
Caenorhabditis_elegans,4346,9677,85452.4,165.0,321144.0,37.0,137960.0,90.0,179840.0,72.0,96075.6,144.9
Caenorhabditis_elegans,4346,9677,85452.4,165.0,389676.0,27.0,167060.0,73.0,203628.0,58.0,98431.5,139.0
Caenorhabditis_elegans,4346,9677,85452.4,165.0,469566.0,18.0,186098.0,70.0,216111.0,56.0,101841.0,131.1
Caenorhabditis_elegans,4346,9677,85452.4,165.0,535532.0,14.0,224549.0,54.0,309066.0,37.0,104513.0,127.3
Caenorhabditis_elegans,4346,9677,85452.4,165.0,600256.0,12.0,325125.0,36.0,346738.0,32.0,108964.0,121.1
Caenorhabditis_elegans,4346,9677,85452.4,165.0,663701.0,11.0,349897.0,31.0,369238.0,29.0,112219.0,117.2
Caenorhabditis_elegans,4346,9677,85452.4,165.0,729346.0,10.0,388603.0,27.0,387442.0,27.0,118010.0,110.6
Caenorhabditis_elegans,4346,9677,85452.4,165.0,798170.0,8.0,402458.0,25.0,418852.0,21.0,121092.0,106.4
Graph: Caenorhabditis_elegans, sample: 1
Caenorhabditis_elegans,4346,9677,4.71377,2384.0,111356.0,118.0,11.7392,2290.0,3105.76,1538.0,1785.36,1757.0
Caenorhabditis_elegans,4346,9677,4.71377,2384.0,173531.0,73.0,23.2778,2275.0,5615.59,1357.0,4341.81,1471.9
Caenorhabditis_elegans,4346,9677,4.71377,2384.0,232762.0,51.0,74.6788,2215.0,16430.5,808.0,9008.17,1176.4
Caenorhabditis_elegans,4346,9677,4.71377,2384.0,290472.0,42.0,4714.33,1411.0,22666.4,641.0,13367.2,991.0
Caenorhabditis_elegans,4346,9677,4.71377,2384.0,343234.0,31.0,8250.78,1249.0,25409.2,599.0,16005.9,865.6
Caenorhabditis_elegans,4346,9677,4.71377,2384.0,395623.0,26.0,25817.3,593.0,87747.5,165.0,19250.9,786.4
Caenorhabditis_elegans,4346,9677,4.71377,2384.0,454719.0,18.0,94776.5,143.0,110605.0,119.0,21529.9,713.0
Caenorhabditis_elegans,4346,9677,4.71377,2384.0,510696.0,15.0,108785.0,120.0,122293.0,101.0,26803.5,593.9
Caenorhabditis_elegans,4346,9677,4.71377,2384.0,567232.0,13.0,117452.0,111.0,131994.0,94.0,30797.1,538.4
Caenorhabditis_elegans,4346,9677,4.71377,2384.0,627241.0,11.0,142168.0,86.0,149471.0,83.0,34989.1,480.0
Graph: Caenorhabditis_elegans, sample: 2
Caenorhabditis_elegans,4346,9677,0.0,2500.0,37683.9,412.0,20286.0,675.0,13443.3,888.0,829.046,1968.7
Caenorhabditis_elegans,4346,9677,0.0,2500.0,81527.9,174.0,25945.2,591.0,32808.6,472.0,1269.07,1852.0
Caenorhabditis_elegans,4346,9677,0.0,2500.0,183886.0,71.0,30080.9,507.0,49706.5,313.0,1761.13,1757.7
Caenorhabditis_elegans,4346,9677,0.0,2500.0,240070.0,48.0,41525.2,373.0,61759.4,248.0,2827.83,1612.4
Caenorhabditis_elegans,4346,9677,0.0,2500.0,293726.0,42.0,51516.5,303.0,68048.1,224.0,3847.19,1518.4
Caenorhabditis_elegans,4346,9677,0.0,2500.0,349705.0,31.0,73983.3,199.0,127299.0,98.0,5103.16,1402.6
Caenorhabditis_elegans,4346,9677,0.0,2500.0,412535.0,21.0,140934.0,88.0,154042.0,79.0,5812.61,1362.3
Caenorhabditis_elegans,4346,9677,0.0,2500.0,470941.0,18.0,158560.0,78.0,170139.0,73.0,6621.86,1296.9
Caenorhabditis_elegans,4346,9677,0.0,2500.0,533259.0,15.0,168463.0,73.0,183367.0,70.0,7525.49,1248.6
Caenorhabditis_elegans,4346,9677,0.0,2500.0,592565.0,12.0,196460.0,63.0,204720.0,57.0,8211.76,1180.1
Graph: Caenorhabditis_elegans, sample: 3
Caenorhabditis_elegans,4346,9677,0.0,2500.0,51811.5,300.0,5031.71,1390.0,6795.52,1304.0,613.625,2006.6
Caenorhabditis_elegans,4346,9677,0.0,2500.0,87401.5,164.0,8496.61,1239.0,13569.7,884.0,1876.57,1797.7
Caenorhabditis_elegans,4346,9677,0.0,2500.0,122649.0,101.0,11134.2,968.0,31248.0,491.0,2343.26,1698.4
Caenorhabditis_elegans,4346,9677,0.0,2500.0,164091.0,75.0,23256.1,627.0,41829.4,370.0,3683.96,1542.0
Caenorhabditis_elegans,4346,9677,0.0,2500.0,269169.0,46.0,32903.3,473.0,47298.7,320.0,5075.24,1437.3
Caenorhabditis_elegans,4346,9677,0.0,2500.0,325265.0,36.0,53531.9,292.0,109559.0,120.0,6339.43,1333.3
Caenorhabditis_elegans,4346,9677,0.0,2500.0,376486.0,28.0,123143.0,101.0,136773.0,90.0,7429.72,1255.4
Caenorhabditis_elegans,4346,9677,0.0,2500.0,429114.0,21.0,139975.0,88.0,153336.0,78.0,8183.0,1224.7
Caenorhabditis_elegans,4346,9677,0.0,2500.0,487254.0,15.0,168437.0,73.0,165926.0,74.0,8588.76,1203.2
Caenorhabditis_elegans,4346,9677,0.0,2500.0,549247.0,14.0,178829.0,73.0,187083.0,70.0,9112.22,1180.8
Graph: Caenorhabditis_elegans, sample: 4
Caenorhabditis_elegans,4346,9677,377.89,2070.0,54150.6,287.0,2647.44,1593.0,4620.81,1416.0,670.913,1981.1
Caenorhabditis_elegans,4346,9677,377.89,2070.0,95411.6,139.0,4088.52,1461.0,8578.77,1236.0,1734.3,1769.7
Caenorhabditis_elegans,4346,9677,377.89,2070.0,134342.0,92.0,5249.51,1378.0,20480.8,672.0,2231.82,1693.0
Caenorhabditis_elegans,4346,9677,377.89,2070.0,171989.0,75.0,11675.9,946.0,29117.6,518.0,3374.66,1578.2
Caenorhabditis_elegans,4346,9677,377.89,2070.0,267671.0,46.0,16937.3,796.0,32548.2,478.0,5211.32,1439.3
Caenorhabditis_elegans,4346,9677,377.89,2070.0,318777.0,37.0,35362.3,432.0,87454.8,165.0,6189.97,1351.8
Caenorhabditis_elegans,4346,9677,377.89,2070.0,372395.0,28.0,97814.0,137.0,111306.0,117.0,6869.84,1303.5
Caenorhabditis_elegans,4346,9677,377.89,2070.0,430028.0,21.0,112604.0,116.0,124124.0,101.0,7551.26,1256.8
Caenorhabditis_elegans,4346,9677,377.89,2070.0,488256.0,15.0,138082.0,90.0,135706.0,91.0,8334.07,1179.0
Caenorhabditis_elegans,4346,9677,377.89,2070.0,546252.0,14.0,147561.0,84.0,154237.0,78.0,9405.42,1115.4
Graph: ca-GrQc, sample: 0
ca-GrQc,4143,13844,20055.1,874.0,138022.0,147.0,72338.2,327.0,82026.5,292.0,28690.5,716.5
ca-GrQc,4143,13844,20055.1,874.0,258076.0,52.0,89498.0,269.0,120335.0,181.0,36232.6,614.2
ca-GrQc,4143,13844,20055.1,874.0,416538.0,16.0,101613.0,230.0,215267.0,68.0,39626.1,575.8
ca-GrQc,4143,13844,20055.1,874.0,575304.0,4.0,115704.0,192.0,277327.0,44.0,49934.5,489.4
ca-GrQc,4143,13844,20055.1,874.0,717952.0,3.0,126732.0,167.0,339470.0,26.0,56216.9,435.3
ca-GrQc,4143,13844,20055.1,874.0,876043.0,2.0,131667.0,157.0,413370.0,15.0,61835.8,399.4
ca-GrQc,4143,13844,20055.1,874.0,1029630.0,2.0,138438.0,150.0,502879.0,10.0,65095.7,379.3
ca-GrQc,4143,13844,20055.1,874.0,1205250.0,1.0,141726.0,145.0,586014.0,7.0,76186.7,330.2
ca-GrQc,4143,13844,20055.1,874.0,1383850.0,1.0,154824.0,129.0,746807.0,3.0,90219.8,277.3
ca-GrQc,4143,13844,20055.1,874.0,1566650.0,1.0,157468.0,123.0,937053.0,2.0,95459.4,258.2
Graph: ca-GrQc, sample: 1
ca-GrQc,4143,13844,0.0,1964.0,98198.4,244.0,10258.4,1140.0,12210.4,1089.0,6936.38,1384.1
ca-GrQc,4143,13844,0.0,1964.0,199042.0,76.0,17081.3,934.0,38918.6,581.0,13165.5,1152.8
ca-GrQc,4143,13844,0.0,1964.0,323829.0,29.0,21419.2,843.0,113420.0,197.0,16284.0,1029.0
ca-GrQc,4143,13844,0.0,1964.0,484976.0,12.0,25131.5,769.0,172796.0,107.0,20764.2,916.6
ca-GrQc,4143,13844,0.0,1964.0,621772.0,4.0,29115.6,700.0,224495.0,63.0,26241.7,819.1
ca-GrQc,4143,13844,0.0,1964.0,771950.0,2.0,32710.1,669.0,285441.0,42.0,32719.4,693.3
ca-GrQc,4143,13844,0.0,1964.0,934169.0,1.0,34477.5,630.0,358445.0,23.0,37396.1,635.1
ca-GrQc,4143,13844,0.0,1964.0,1102900.0,1.0,36714.8,605.0,428229.0,14.0,40312.4,596.9
ca-GrQc,4143,13844,0.0,1964.0,1297410.0,1.0,39801.3,572.0,562952.0,10.0,45053.7,549.6
ca-GrQc,4143,13844,0.0,1964.0,1455910.0,1.0,40698.5,561.0,746823.0,3.0,49158.8,505.7
Graph: ca-GrQc, sample: 2
ca-GrQc,4143,13844,0.0,1964.0,48923.5,473.0,8987.09,1185.0,12170.4,1089.0,2840.1,1551.5
ca-GrQc,4143,13844,0.0,1964.0,111685.0,201.0,12927.6,1073.0,42313.6,536.0,6052.91,1375.1
ca-GrQc,4143,13844,0.0,1964.0,240397.0,59.0,15571.0,1014.0,105989.0,218.0,9362.32,1234.2
ca-GrQc,4143,13844,0.0,1964.0,376181.0,18.0,18647.0,903.0,159646.0,124.0,11567.4,1133.6
ca-GrQc,4143,13844,0.0,1964.0,521441.0,11.0,21201.5,846.0,219891.0,66.0,14895.5,1026.2
ca-GrQc,4143,13844,0.0,1964.0,687519.0,4.0,22335.8,831.0,284523.0,42.0,17462.3,954.9
ca-GrQc,4143,13844,0.0,1964.0,830660.0,3.0,24010.9,804.0,361176.0,23.0,19730.2,895.3
ca-GrQc,4143,13844,0.0,1964.0,987360.0,1.0,24647.0,797.0,433497.0,13.0,21589.8,856.1
ca-GrQc,4143,13844,0.0,1964.0,1151840.0,1.0,25885.5,753.0,581048.0,9.0,24084.4,814.1
ca-GrQc,4143,13844,0.0,1964.0,1307800.0,1.0,26845.3,740.0,760874.0,2.0,25687.7,783.9
Graph: ca-GrQc, sample: 3
ca-GrQc,4143,13844,0.0,1964.0,83393.6,283.0,3223.08,1513.0,6806.94,1365.0,4202.03,1520.3
ca-GrQc,4143,13844,0.0,1964.0,168955.0,112.0,5048.98,1414.0,33186.3,646.0,10322.5,1247.9
ca-GrQc,4143,13844,0.0,1964.0,265721.0,48.0,6419.73,1372.0,103927.0,223.0,13670.1,1137.1
ca-GrQc,4143,13844,0.0,1964.0,429258.0,14.0,7329.36,1343.0,163321.0,121.0,18368.1,959.2
ca-GrQc,4143,13844,0.0,1964.0,585405.0,5.0,7631.87,1333.0,217090.0,67.0,23719.8,850.2
ca-GrQc,4143,13844,0.0,1964.0,708328.0,3.0,8107.22,1322.0,283442.0,44.0,28429.1,773.2
ca-GrQc,4143,13844,0.0,1964.0,850879.0,3.0,8810.33,1189.0,354771.0,23.0,37463.9,627.3
ca-GrQc,4143,13844,0.0,1964.0,1009430.0,1.0,9529.56,1163.0,422701.0,14.0,39860.0,594.9
ca-GrQc,4143,13844,0.0,1964.0,1182180.0,1.0,10565.4,1134.0,569281.0,9.0,41718.6,572.9
ca-GrQc,4143,13844,0.0,1964.0,1345160.0,1.0,11047.1,1122.0,750881.0,3.0,45503.1,524.5
Graph: ca-GrQc, sample: 4
ca-GrQc,4143,13844,9258.22,1173.0,108113.0,214.0,60556.9,387.0,62442.9,379.0,14894.0,1022.8
ca-GrQc,4143,13844,9258.22,1173.0,237777.0,61.0,77467.5,304.0,110744.0,207.0,22014.9,839.9
ca-GrQc,4143,13844,9258.22,1173.0,400894.0,18.0,88489.8,270.0,214134.0,68.0,28587.4,725.6
ca-GrQc,4143,13844,9258.22,1173.0,568545.0,7.0,100521.0,232.0,280993.0,44.0,35342.0,628.8
ca-GrQc,4143,13844,9258.22,1173.0,723947.0,3.0,112338.0,200.0,343038.0,22.0,42745.4,547.6
ca-GrQc,4143,13844,9258.22,1173.0,874710.0,2.0,117363.0,189.0,397875.0,17.0,48632.5,492.0
ca-GrQc,4143,13844,9258.22,1173.0,1054580.0,1.0,119898.0,185.0,469625.0,11.0,54572.8,444.1
ca-GrQc,4143,13844,9258.22,1173.0,1235040.0,1.0,129464.0,163.0,549530.0,9.0,62117.1,387.2
ca-GrQc,4143,13844,9258.22,1173.0,1406040.0,1.0,134132.0,152.0,674129.0,4.0,66570.1,361.8
ca-GrQc,4143,13844,9258.22,1173.0,1577340.0,1.0,136536.0,150.0,845685.0,2.0,71371.5,338.3
Graph: advogato, sample: 0
advogato,3941,42575,4740.15,885.0,24890.1,243.0,5514.37,829.0,5514.37,829.0,5070.69,861.0
advogato,3941,42575,4740.15,885.0,40424.5,135.0,6117.29,792.0,6117.29,792.0,5756.11,819.9
advogato,3941,42575,4740.15,885.0,55256.0,99.0,6816.5,755.0,6816.5,755.0,6541.83,768.7
advogato,3941,42575,4740.15,885.0,64790.0,81.0,7280.79,736.0,7280.79,736.0,7076.59,735.3
advogato,3941,42575,4740.15,885.0,72994.9,72.0,7582.56,720.0,7692.85,719.0,7768.46,694.0
advogato,3941,42575,4740.15,885.0,80825.3,60.0,7995.85,668.0,7995.85,668.0,8167.18,664.8
advogato,3941,42575,4740.15,885.0,88620.8,51.0,8625.06,612.0,8625.06,612.0,8916.14,614.4
advogato,3941,42575,4740.15,885.0,96401.2,47.0,8950.07,586.0,8950.07,586.0,9293.29,593.3
advogato,3941,42575,4740.15,885.0,104154.0,42.0,9421.88,562.0,9421.88,562.0,9987.18,551.8
advogato,3941,42575,4740.15,885.0,111884.0,38.0,9790.89,544.0,9790.89,544.0,10486.1,531.5
Graph: advogato, sample: 1
advogato,3941,42575,27784.5,214.0,49286.0,110.0,29680.5,191.0,29680.5,191.0,28631.5,203.3
advogato,3941,42575,27784.5,214.0,67579.3,78.0,31036.3,183.0,31036.3,183.0,29453.8,195.2
advogato,3941,42575,27784.5,214.0,82741.2,57.0,32359.7,171.0,32359.7,171.0,30486.1,185.7
advogato,3941,42575,27784.5,214.0,94397.4,48.0,33136.7,168.0,33136.7,168.0,31149.3,180.5
advogato,3941,42575,27784.5,214.0,105043.0,42.0,34290.0,160.0,34433.3,159.0,32505.0,170.9
advogato,3941,42575,27784.5,214.0,115105.0,37.0,35580.3,152.0,35580.0,152.0,33025.0,167.5
advogato,3941,42575,27784.5,214.0,124388.0,31.0,36893.8,145.0,36893.5,145.0,33682.9,163.4
advogato,3941,42575,27784.5,214.0,133662.0,26.0,37576.8,143.0,37576.5,143.0,34383.8,160.0
advogato,3941,42575,27784.5,214.0,142451.0,24.0,38386.2,139.0,38385.7,139.0,35260.9,155.6
advogato,3941,42575,27784.5,214.0,150951.0,22.0,39301.9,137.0,39301.4,137.0,35990.8,152.2
Graph: advogato, sample: 2
advogato,3941,42575,16023.8,359.0,37201.5,145.0,17511.3,331.0,17511.3,331.0,17005.2,341.2
advogato,3941,42575,16023.8,359.0,53854.4,102.0,18899.8,307.0,18899.8,307.0,18118.4,321.1
advogato,3941,42575,16023.8,359.0,68950.0,77.0,20170.5,290.0,20170.5,290.0,18532.1,314.7
advogato,3941,42575,16023.8,359.0,79992.3,60.0,20589.7,285.0,20589.7,285.0,19545.7,300.5
advogato,3941,42575,16023.8,359.0,90066.3,52.0,20926.5,282.0,21403.5,279.0,20550.6,287.6
advogato,3941,42575,16023.8,359.0,99508.1,46.0,21731.5,275.0,21740.8,275.0,21110.3,281.3
advogato,3941,42575,16023.8,359.0,108348.0,39.0,22281.8,265.0,22291.1,265.0,21886.3,272.0
advogato,3941,42575,16023.8,359.0,117021.0,36.0,22919.5,259.0,22928.9,259.0,22717.4,263.7
advogato,3941,42575,16023.8,359.0,125557.0,31.0,23323.0,256.0,23332.4,256.0,23359.1,256.3
advogato,3941,42575,16023.8,359.0,133872.0,26.0,23797.8,251.0,23807.2,251.0,23930.6,250.4
Graph: advogato, sample: 3
advogato,3941,42575,26780.1,225.0,48019.4,115.0,29658.6,191.0,29658.6,191.0,28304.9,208.1
advogato,3941,42575,26780.1,225.0,65198.3,81.0,31427.4,179.0,31427.4,179.0,28711.6,203.9
advogato,3941,42575,26780.1,225.0,80282.2,60.0,33259.9,165.0,33259.9,165.0,29877.5,192.9
advogato,3941,42575,26780.1,225.0,91699.5,52.0,34247.9,160.0,34247.9,160.0,31071.3,183.2
advogato,3941,42575,26780.1,225.0,101728.0,45.0,35303.4,154.0,35598.0,152.0,31717.1,178.7
advogato,3941,42575,26780.1,225.0,111399.0,38.0,36646.3,145.0,36646.3,145.0,32343.0,172.6
advogato,3941,42575,26780.1,225.0,120376.0,34.0,37940.3,140.0,37940.3,140.0,33113.6,168.1
advogato,3941,42575,26780.1,225.0,129258.0,30.0,38963.0,138.0,38963.0,138.0,34084.3,162.5
advogato,3941,42575,26780.1,225.0,137924.0,26.0,40528.0,135.0,40528.0,135.0,35561.1,155.2
advogato,3941,42575,26780.1,225.0,146453.0,23.0,42046.3,127.0,42046.3,127.0,36440.5,151.3
Graph: advogato, sample: 4
advogato,3941,42575,0.0,3251.0,9484.22,558.0,62.2124,2615.0,62.2124,2615.0,3.51195,3181.5
advogato,3941,42575,0.0,3251.0,16682.1,345.0,113.085,2428.0,113.085,2428.0,8.29815,3081.4
advogato,3941,42575,0.0,3251.0,24342.6,246.0,113.085,2428.0,113.085,2428.0,19.8927,2955.5
advogato,3941,42575,0.0,3251.0,36306.1,146.0,144.411,2337.0,144.411,2337.0,61.8968,2802.0
advogato,3941,42575,0.0,3251.0,43796.8,120.0,178.731,2236.0,187.247,2217.0,97.2315,2682.3
advogato,3941,42575,0.0,3251.0,51257.7,109.0,224.12,2158.0,224.12,2158.0,108.372,2608.3
advogato,3941,42575,0.0,3251.0,58560.0,97.0,275.808,2093.0,275.808,2093.0,114.021,2577.5
advogato,3941,42575,0.0,3251.0,65850.2,80.0,321.765,2039.0,321.765,2039.0,125.494,2531.8
advogato,3941,42575,0.0,3251.0,72998.6,72.0,407.624,1935.0,407.624,1935.0,130.717,2499.6
advogato,3941,42575,0.0,3251.0,80113.1,60.0,471.614,1870.0,471.614,1870.0,140.141,2454.4
Graph: hprd_pp, sample: 0
hprd_pp,4595,36748,1896.67,2130.0,18502.7,533.0,2596.78,1913.0,2596.78,1913.0,2235.87,2022.1
hprd_pp,4595,36748,1896.67,2130.0,32787.7,298.0,3311.64,1711.0,3311.64,1711.0,2760.18,1886.4
hprd_pp,4595,36748,1896.67,2130.0,45442.6,211.0,3828.71,1600.0,3888.48,1589.0,3431.72,1747.0
hprd_pp,4595,36748,1896.67,2130.0,56424.6,165.0,4214.74,1538.0,4380.6,1507.0,3643.66,1697.5
hprd_pp,4595,36748,1896.67,2130.0,67026.9,132.0,4768.32,1460.0,4768.32,1460.0,4134.87,1596.4
hprd_pp,4595,36748,1896.67,2130.0,77204.0,114.0,5176.9,1402.0,5176.9,1402.0,4401.2,1549.6
hprd_pp,4595,36748,1896.67,2130.0,87826.7,98.0,5755.49,1323.0,5642.43,1340.0,4561.27,1520.4
hprd_pp,4595,36748,1896.67,2130.0,99337.6,86.0,6245.89,1264.0,6083.58,1290.0,5022.47,1452.2
hprd_pp,4595,36748,1896.67,2130.0,108503.0,73.0,6707.62,1215.0,6672.97,1220.0,5257.18,1412.7
hprd_pp,4595,36748,1896.67,2130.0,117587.0,66.0,7142.18,1180.0,6983.4,1190.0,5729.03,1352.4
Graph: hprd_pp, sample: 1
hprd_pp,4595,36748,2498.69,1937.0,19192.6,511.0,3406.98,1694.0,3406.98,1694.0,3579.86,1706.4
hprd_pp,4595,36748,2498.69,1937.0,34433.7,286.0,4814.01,1448.0,4814.01,1448.0,4208.86,1574.6
hprd_pp,4595,36748,2498.69,1937.0,46998.5,201.0,6186.73,1272.0,6207.21,1267.0,4953.44,1472.2
hprd_pp,4595,36748,2498.69,1937.0,58446.0,158.0,6886.55,1201.0,7527.73,1137.0,5263.07,1427.2
hprd_pp,4595,36748,2498.69,1937.0,69209.8,128.0,8242.68,1082.0,8251.12,1082.0,5762.9,1354.0
hprd_pp,4595,36748,2498.69,1937.0,79328.7,110.0,9024.8,1018.0,9033.24,1017.0,6023.42,1327.4
hprd_pp,4595,36748,2498.69,1937.0,91251.6,94.0,10215.9,891.0,9820.75,927.0,6383.37,1285.1
hprd_pp,4595,36748,2498.69,1937.0,102934.0,81.0,11416.0,810.0,11161.6,832.0,6935.82,1223.3
hprd_pp,4595,36748,2498.69,1937.0,112239.0,71.0,12201.4,775.0,12343.6,769.0,7309.56,1180.7
hprd_pp,4595,36748,2498.69,1937.0,121456.0,61.0,13498.0,718.0,13147.7,733.0,7570.61,1153.5
Graph: hprd_pp, sample: 2
hprd_pp,4595,36748,694.268,2906.0,15561.8,632.0,1465.44,2329.0,1465.44,2329.0,915.633,2718.3
hprd_pp,4595,36748,694.268,2906.0,24666.5,405.0,2140.95,2041.0,2140.95,2041.0,1055.51,2608.6
hprd_pp,4595,36748,694.268,2906.0,33711.6,293.0,2868.47,1824.0,2706.33,1878.0,1187.28,2504.7
hprd_pp,4595,36748,694.268,2906.0,42578.5,228.0,3440.97,1684.0,3415.45,1689.0,1293.96,2436.4
hprd_pp,4595,36748,694.268,2906.0,51381.2,185.0,4002.59,1567.0,4002.59,1567.0,1475.3,2339.0
hprd_pp,4595,36748,694.268,2906.0,60114.7,153.0,4470.33,1495.0,4470.33,1495.0,1660.29,2252.0
hprd_pp,4595,36748,694.268,2906.0,68715.2,131.0,5157.23,1404.0,5038.48,1420.0,1793.56,2190.5
hprd_pp,4595,36748,694.268,2906.0,77174.4,115.0,5822.55,1315.0,5711.46,1331.0,2049.3,2097.1
hprd_pp,4595,36748,694.268,2906.0,85559.3,100.0,6386.07,1243.0,6409.13,1240.0,2241.2,2031.5
hprd_pp,4595,36748,694.268,2906.0,93759.3,93.0,7043.15,1183.0,6947.36,1194.0,2367.54,1989.7
Graph: hprd_pp, sample: 3
hprd_pp,4595,36748,21103.4,469.0,39227.4,248.0,25859.3,386.0,25859.3,386.0,21770.7,458.1
hprd_pp,4595,36748,21103.4,469.0,56669.1,163.0,29533.9,337.0,30273.3,329.0,23047.8,432.9
hprd_pp,4595,36748,21103.4,469.0,70596.7,129.0,33623.0,293.0,33547.3,295.0,23862.0,419.4
hprd_pp,4595,36748,21103.4,469.0,83250.1,103.0,36972.3,261.0,36675.0,268.0,24289.5,412.3
hprd_pp,4595,36748,21103.4,469.0,95185.4,91.0,39916.4,240.0,39916.4,240.0,25266.3,397.6
hprd_pp,4595,36748,21103.4,469.0,106839.0,75.0,42235.4,227.0,42235.4,227.0,25752.0,389.5
hprd_pp,4595,36748,21103.4,469.0,118358.0,66.0,45033.2,213.0,44160.9,218.0,26813.5,376.5
hprd_pp,4595,36748,21103.4,469.0,130216.0,56.0,47323.6,199.0,46942.9,200.0,27642.9,364.8
hprd_pp,4595,36748,21103.4,469.0,140062.0,52.0,49140.3,191.0,49582.1,189.0,28122.9,359.2
hprd_pp,4595,36748,21103.4,469.0,150460.0,48.0,51734.1,181.0,51801.5,181.0,28766.2,351.7
Graph: hprd_pp, sample: 4
hprd_pp,4595,36748,4420.98,1498.0,21441.8,467.0,6018.32,1298.0,6018.32,1298.0,4680.62,1467.5
hprd_pp,4595,36748,4420.98,1498.0,37979.9,252.0,7079.0,1182.0,7438.72,1147.0,5085.55,1414.1
hprd_pp,4595,36748,4420.98,1498.0,51335.1,186.0,8485.77,1057.0,8251.83,1082.0,5604.8,1349.8
hprd_pp,4595,36748,4420.98,1498.0,63345.2,141.0,9986.44,908.0,9289.5,979.0,5961.69,1305.0
hprd_pp,4595,36748,4420.98,1498.0,74533.7,120.0,10802.5,854.0,10802.5,854.0,7310.11,1183.2
hprd_pp,4595,36748,4420.98,1498.0,85563.9,100.0,11949.1,789.0,11949.1,789.0,7632.39,1154.7
hprd_pp,4595,36748,4420.98,1498.0,96316.7,89.0,12905.8,741.0,12874.6,742.0,8103.12,1111.1
hprd_pp,4595,36748,4420.98,1498.0,106707.0,74.0,13831.4,706.0,13923.2,701.0,8966.96,1048.2
hprd_pp,4595,36748,4420.98,1498.0,116159.0,67.0,14767.2,661.0,14894.9,656.0,9836.77,989.3
hprd_pp,4595,36748,4420.98,1498.0,125575.0,59.0,15810.3,623.0,16070.5,615.0,10340.9,950.0
Graph: ca-HepTh, sample: 0
ca-HepTh,4581,25867,5241.22,1946.0,21973.3,771.0,7847.09,1668.0,7847.09,1668.0,6005.34,1854.9
ca-HepTh,4581,25867,5241.22,1946.0,35339.0,468.0,11213.5,1344.0,12184.8,1277.0,6702.67,1779.9
ca-HepTh,4581,25867,5241.22,1946.0,48135.4,296.0,16085.5,1036.0,17647.0,946.0,7837.02,1671.1
ca-HepTh,4581,25867,5241.22,1946.0,58416.8,209.0,19552.2,856.0,21661.6,778.0,8619.18,1594.6
ca-HepTh,4581,25867,5241.22,1946.0,69992.4,153.0,23077.2,738.0,25330.4,673.0,9523.47,1502.7
ca-HepTh,4581,25867,5241.22,1946.0,82312.5,117.0,28890.7,584.0,28399.2,595.0,10361.7,1428.2
ca-HepTh,4581,25867,5241.22,1946.0,93994.5,88.0,31951.5,523.0,33084.8,501.0,11091.6,1358.9
ca-HepTh,4581,25867,5241.22,1946.0,105046.0,68.0,35122.7,470.0,37841.2,426.0,11912.8,1298.1
ca-HepTh,4581,25867,5241.22,1946.0,116081.0,56.0,37990.6,425.0,42920.8,362.0,12591.8,1246.4
ca-HepTh,4581,25867,5241.22,1946.0,127299.0,44.0,40208.4,396.0,48936.5,287.0,13395.0,1196.0
Graph: ca-HepTh, sample: 1
ca-HepTh,4581,25867,1019.55,3035.0,19032.6,878.0,3085.58,2332.0,3085.58,2332.0,1725.38,2714.8
ca-HepTh,4581,25867,1019.55,3035.0,33972.8,487.0,4029.15,2138.0,5932.64,1864.0,2683.79,2452.5
ca-HepTh,4581,25867,1019.55,3035.0,47694.7,298.0,5569.76,1904.0,8885.87,1577.0,3395.25,2290.6
ca-HepTh,4581,25867,1019.55,3035.0,59191.5,203.0,8368.85,1626.0,11158.6,1345.0,3778.26,2207.0
ca-HepTh,4581,25867,1019.55,3035.0,70645.1,150.0,10320.7,1430.0,12686.2,1239.0,4731.77,2044.7
ca-HepTh,4581,25867,1019.55,3035.0,81772.0,118.0,14864.9,1090.0,14369.6,1125.0,5525.18,1937.5
ca-HepTh,4581,25867,1019.55,3035.0,94255.7,87.0,16764.9,995.0,17932.9,928.0,6294.52,1843.9
ca-HepTh,4581,25867,1019.55,3035.0,105132.0,67.0,18622.5,896.0,21706.6,776.0,7077.96,1756.3
ca-HepTh,4581,25867,1019.55,3035.0,115666.0,56.0,20561.0,819.0,26756.4,635.0,7949.19,1668.3
ca-HepTh,4581,25867,1019.55,3035.0,126301.0,46.0,22537.5,755.0,31775.7,526.0,8782.27,1585.9
Graph: ca-HepTh, sample: 2
ca-HepTh,4581,25867,33490.3,493.0,55876.5,233.0,40206.5,397.0,40206.5,397.0,35068.3,473.1
ca-HepTh,4581,25867,33490.3,493.0,75075.9,139.0,45071.6,339.0,49091.5,286.0,36642.9,444.8
ca-HepTh,4581,25867,33490.3,493.0,91994.9,90.0,49399.5,283.0,57743.0,217.0,38845.6,413.7
ca-HepTh,4581,25867,33490.3,493.0,107426.0,63.0,57800.1,217.0,63452.8,176.0,40790.6,390.1
ca-HepTh,4581,25867,33490.3,493.0,122832.0,49.0,63092.0,179.0,68543.1,156.0,42395.2,370.9
ca-HepTh,4581,25867,33490.3,493.0,137325.0,33.0,73295.5,144.0,73312.2,144.0,44033.0,349.0
ca-HepTh,4581,25867,33490.3,493.0,150436.0,28.0,77159.6,133.0,81061.0,122.0,46111.4,323.5
ca-HepTh,4581,25867,33490.3,493.0,163076.0,26.0,82032.6,117.0,89153.8,97.0,48259.8,297.7
ca-HepTh,4581,25867,33490.3,493.0,176113.0,16.0,85571.6,111.0,97429.2,78.0,49953.3,280.8
ca-HepTh,4581,25867,33490.3,493.0,189395.0,12.0,89559.2,96.0,105307.0,67.0,51817.9,263.1
Graph: ca-HepTh, sample: 3
ca-HepTh,4581,25867,7066.2,1751.0,23813.0,714.0,10911.4,1359.0,10911.4,1359.0,7948.8,1664.6
ca-HepTh,4581,25867,7066.2,1751.0,37251.4,434.0,14963.2,1088.0,15650.3,1060.0,8872.09,1573.1
ca-HepTh,4581,25867,7066.2,1751.0,49826.2,279.0,19621.1,852.0,21031.0,799.0,10016.9,1456.5
ca-HepTh,4581,25867,7066.2,1751.0,60297.8,196.0,23074.4,737.0,24424.7,700.0,10730.6,1389.3
ca-HepTh,4581,25867,7066.2,1751.0,72600.0,146.0,25889.1,659.0,28297.1,598.0,11802.8,1304.5
ca-HepTh,4581,25867,7066.2,1751.0,84786.6,112.0,31726.5,525.0,30979.3,537.0,12464.8,1255.7
ca-HepTh,4581,25867,7066.2,1751.0,96130.3,82.0,34806.9,476.0,35717.9,461.0,13173.5,1207.6
ca-HepTh,4581,25867,7066.2,1751.0,108299.0,63.0,37488.1,429.0,40387.0,392.0,14030.7,1153.7
ca-HepTh,4581,25867,7066.2,1751.0,119261.0,54.0,40042.9,399.0,46187.1,317.0,14838.8,1102.1
ca-HepTh,4581,25867,7066.2,1751.0,130594.0,39.0,42426.7,370.0,51602.9,260.0,15485.0,1067.8
Graph: ca-HepTh, sample: 4
ca-HepTh,4581,25867,43443.3,359.0,67123.7,161.0,51574.0,261.0,51574.0,261.0,45613.2,329.3
ca-HepTh,4581,25867,43443.3,359.0,87020.8,108.0,56922.7,224.0,61368.1,188.0,48313.8,296.0
ca-HepTh,4581,25867,43443.3,359.0,104433.0,69.0,67913.8,158.0,72917.5,145.0,50443.1,274.2
ca-HepTh,4581,25867,43443.3,359.0,120802.0,52.0,70898.3,150.0,79812.6,128.0,52769.7,253.7
ca-HepTh,4581,25867,43443.3,359.0,137014.0,34.0,77429.4,133.0,85567.5,111.0,54737.9,238.5
ca-HepTh,4581,25867,43443.3,359.0,152054.0,27.0,88681.2,99.0,91346.0,91.0,57219.2,221.7
ca-HepTh,4581,25867,43443.3,359.0,165996.0,24.0,93635.8,88.0,100026.0,76.0,59736.2,202.6
ca-HepTh,4581,25867,43443.3,359.0,180233.0,14.0,99532.5,76.0,108258.0,62.0,61637.6,190.9
ca-HepTh,4581,25867,43443.3,359.0,195200.0,11.0,102536.0,71.0,118807.0,54.0,63855.9,177.5
ca-HepTh,4581,25867,43443.3,359.0,209556.0,10.0,107639.0,62.0,128327.0,44.0,65688.3,169.1
Graph: Drosophila_melanogaster, sample: 0
Drosophila_melanogaster,4602,40499,16303.6,771.0,33023.7,362.0,20007.0,627.0,20007.0,627.0,16978.9,744.7
Drosophila_melanogaster,4602,40499,16303.6,771.0,49606.3,216.0,23342.6,535.0,23342.6,535.0,17748.3,713.2
Drosophila_melanogaster,4602,40499,16303.6,771.0,62018.8,157.0,27089.6,459.0,27089.6,459.0,18452.4,683.6
Drosophila_melanogaster,4602,40499,16303.6,771.0,73974.9,109.0,29906.1,403.0,29526.3,410.0,19260.2,653.7
Drosophila_melanogaster,4602,40499,16303.6,771.0,85851.0,85.0,32344.7,373.0,32341.8,373.0,19920.6,631.6
Drosophila_melanogaster,4602,40499,16303.6,771.0,96857.8,61.0,34120.6,348.0,34117.7,348.0,20690.0,605.2
Drosophila_melanogaster,4602,40499,16303.6,771.0,107534.0,44.0,35668.3,332.0,35665.4,332.0,21230.2,592.1
Drosophila_melanogaster,4602,40499,16303.6,771.0,118047.0,35.0,37343.7,312.0,37340.8,312.0,21874.7,573.8
Drosophila_melanogaster,4602,40499,16303.6,771.0,128841.0,24.0,39114.8,292.0,39111.8,292.0,22520.5,556.0
Drosophila_melanogaster,4602,40499,16303.6,771.0,139978.0,19.0,41146.5,278.0,41143.5,278.0,23196.5,539.2
Graph: Drosophila_melanogaster, sample: 1
Drosophila_melanogaster,4602,40499,662.051,3072.0,11962.0,994.0,1557.35,2521.0,1557.35,2521.0,770.031,2974.0
Drosophila_melanogaster,4602,40499,662.051,3072.0,22983.4,546.0,2556.45,2182.0,2556.45,2182.0,932.864,2855.7
Drosophila_melanogaster,4602,40499,662.051,3072.0,31485.1,383.0,3916.86,1870.0,3916.86,1870.0,1043.92,2788.7
Drosophila_melanogaster,4602,40499,662.051,3072.0,40139.7,286.0,4850.98,1707.0,4671.45,1738.0,1159.48,2716.7
Drosophila_melanogaster,4602,40499,662.051,3072.0,49176.5,220.0,5637.91,1590.0,5637.91,1590.0,1283.74,2648.3
Drosophila_melanogaster,4602,40499,662.051,3072.0,58187.6,172.0,6228.01,1524.0,6228.01,1524.0,1389.88,2597.6
Drosophila_melanogaster,4602,40499,662.051,3072.0,67185.8,131.0,6755.37,1471.0,6755.37,1471.0,1569.0,2521.7
Drosophila_melanogaster,4602,40499,662.051,3072.0,76114.1,105.0,7391.18,1383.0,7391.18,1383.0,1700.83,2471.1
Drosophila_melanogaster,4602,40499,662.051,3072.0,85020.9,85.0,8116.46,1307.0,8116.46,1307.0,1844.03,2416.5
Drosophila_melanogaster,4602,40499,662.051,3072.0,93835.6,70.0,9048.4,1236.0,9048.4,1236.0,2046.72,2344.1
Graph: Drosophila_melanogaster, sample: 2
Drosophila_melanogaster,4602,40499,43.2715,4203.0,8066.62,1312.0,707.084,3023.0,707.084,3023.0,92.7355,4032.2
Drosophila_melanogaster,4602,40499,43.2715,4203.0,16009.8,785.0,1075.07,2756.0,1075.07,2756.0,133.661,3906.3
Drosophila_melanogaster,4602,40499,43.2715,4203.0,21006.6,592.0,1909.93,2385.0,1909.93,2385.0,183.671,3776.4
Drosophila_melanogaster,4602,40499,43.2715,4203.0,29158.7,416.0,2432.74,2221.0,2436.76,2219.0,219.865,3700.6
Drosophila_melanogaster,4602,40499,43.2715,4203.0,38089.6,304.0,3008.15,2058.0,3008.15,2058.0,263.816,3617.7
Drosophila_melanogaster,4602,40499,43.2715,4203.0,46922.3,233.0,3427.28,1967.0,3427.28,1967.0,300.065,3552.3
Drosophila_melanogaster,4602,40499,43.2715,4203.0,55670.9,183.0,3781.08,1889.0,3781.08,1889.0,336.914,3493.0
Drosophila_melanogaster,4602,40499,43.2715,4203.0,64359.9,143.0,4177.71,1829.0,4177.71,1829.0,373.52,3435.9
Drosophila_melanogaster,4602,40499,43.2715,4203.0,72970.8,111.0,4643.89,1742.0,4643.89,1742.0,410.249,3382.5
Drosophila_melanogaster,4602,40499,43.2715,4203.0,81531.9,90.0,5361.17,1634.0,5361.17,1634.0,488.257,3284.8
Graph: Drosophila_melanogaster, sample: 3
Drosophila_melanogaster,4602,40499,6362.05,1508.0,23288.3,537.0,8191.61,1302.0,8191.61,1302.0,7086.93,1427.7
Drosophila_melanogaster,4602,40499,6362.05,1508.0,40025.0,289.0,10117.8,1120.0,10117.8,1120.0,7582.59,1369.6
Drosophila_melanogaster,4602,40499,6362.05,1508.0,52925.1,201.0,12246.1,975.0,12246.1,975.0,8199.87,1305.2
Drosophila_melanogaster,4602,40499,6362.05,1508.0,65486.3,138.0,13642.5,901.0,13527.5,906.0,8930.05,1235.9
Drosophila_melanogaster,4602,40499,6362.05,1508.0,77942.6,97.0,14973.7,829.0,14973.7,829.0,9562.3,1173.1
Drosophila_melanogaster,4602,40499,6362.05,1508.0,89545.9,75.0,15818.7,787.0,15818.7,787.0,10028.1,1133.5
Drosophila_melanogaster,4602,40499,6362.05,1508.0,100967.0,51.0,16750.6,755.0,16750.6,755.0,11183.6,1044.5
Drosophila_melanogaster,4602,40499,6362.05,1508.0,112063.0,41.0,17053.5,743.0,17053.5,743.0,11969.8,997.6
Drosophila_melanogaster,4602,40499,6362.05,1508.0,122748.0,29.0,18079.7,698.0,18079.7,698.0,12606.7,959.4
Drosophila_melanogaster,4602,40499,6362.05,1508.0,133414.0,24.0,19636.8,638.0,19636.8,638.0,13126.0,931.4
Graph: Drosophila_melanogaster, sample: 4
Drosophila_melanogaster,4602,40499,513.732,3248.0,15476.8,805.0,867.3,2897.0,867.3,2897.0,815.575,2980.6
Drosophila_melanogaster,4602,40499,513.732,3248.0,30362.0,396.0,1597.19,2503.0,1597.19,2503.0,1102.79,2791.3
Drosophila_melanogaster,4602,40499,513.732,3248.0,39508.1,289.0,2484.95,2201.0,2484.95,2201.0,1972.59,2555.2
Drosophila_melanogaster,4602,40499,513.732,3248.0,48581.6,222.0,3029.48,2050.0,2955.28,2073.0,2199.04,2445.7
Drosophila_melanogaster,4602,40499,513.732,3248.0,57600.0,174.0,3555.86,1929.0,3555.86,1929.0,2591.18,2288.5
Drosophila_melanogaster,4602,40499,513.732,3248.0,66586.1,133.0,3837.76,1878.0,3837.76,1878.0,2873.11,2208.7
Drosophila_melanogaster,4602,40499,513.732,3248.0,75561.0,105.0,4167.84,1830.0,4167.84,1830.0,3055.26,2149.6
Drosophila_melanogaster,4602,40499,513.732,3248.0,84427.1,85.0,4589.99,1753.0,4589.99,1753.0,3518.51,2080.9
Drosophila_melanogaster,4602,40499,513.732,3248.0,93284.6,70.0,5059.33,1677.0,5059.33,1677.0,4397.13,1910.8
Drosophila_melanogaster,4602,40499,513.732,3248.0,102131.0,50.0,5783.58,1572.0,5783.58,1572.0,4570.34,1867.7
Graph: oregon1_010526, sample: 0
oregon1_010526,4610,22723,0.0,3564.0,4039.61,270.0,0.0,3564.0,0.0,3564.0,192.434,2103.0
oregon1_010526,4610,22723,0.0,3564.0,9531.86,155.0,0.0,3564.0,0.0,3564.0,375.874,1653.7
oregon1_010526,4610,22723,0.0,3564.0,15344.9,109.0,0.0,3564.0,0.0,3564.0,589.997,1315.1
oregon1_010526,4610,22723,0.0,3564.0,21159.0,90.0,0.0,3564.0,0.0,3564.0,660.318,1223.9
oregon1_010526,4610,22723,0.0,3564.0,26974.1,74.0,0.0,3564.0,0.0,3564.0,774.453,1056.5
oregon1_010526,4610,22723,0.0,3564.0,32772.3,61.0,0.0,3564.0,0.0,3564.0,899.344,959.5
oregon1_010526,4610,22723,0.0,3564.0,38309.6,56.0,0.0,3564.0,0.0,3564.0,976.45,897.3
oregon1_010526,4610,22723,0.0,3564.0,43847.9,55.0,0.0,3564.0,0.0,3564.0,1100.97,813.2
oregon1_010526,4610,22723,0.0,3564.0,49387.2,50.0,0.0,3564.0,0.0,3564.0,1339.36,734.0
oregon1_010526,4610,22723,0.0,3564.0,54927.5,47.0,0.0,3564.0,464.608,1317.0,1458.61,665.5
Graph: oregon1_010526, sample: 1
oregon1_010526,4610,22723,0.0,3564.0,1227.41,647.0,0.0,3564.0,0.0,3564.0,35.3877,2954.3
oregon1_010526,4610,22723,0.0,3564.0,5249.31,216.0,0.0,3564.0,0.0,3564.0,91.3044,2500.9
oregon1_010526,4610,22723,0.0,3564.0,11741.6,129.0,0.0,3564.0,0.0,3564.0,158.412,2150.6
oregon1_010526,4610,22723,0.0,3564.0,16900.2,103.0,0.0,3564.0,0.0,3564.0,200.734,1966.5
oregon1_010526,4610,22723,0.0,3564.0,23127.1,88.0,0.0,3564.0,0.0,3564.0,284.727,1737.0
oregon1_010526,4610,22723,0.0,3564.0,29354.0,68.0,0.0,3564.0,0.0,3564.0,339.943,1600.9
oregon1_010526,4610,22723,0.0,3564.0,35581.3,58.0,0.0,3564.0,0.0,3564.0,389.214,1481.5
oregon1_010526,4610,22723,0.0,3564.0,41488.9,55.0,0.0,3564.0,0.0,3564.0,448.639,1371.6
oregon1_010526,4610,22723,0.0,3564.0,47397.5,55.0,0.0,3564.0,0.0,3564.0,514.011,1261.3
oregon1_010526,4610,22723,0.0,3564.0,53307.0,48.0,0.0,3564.0,464.608,1318.0,576.089,1167.2
Graph: oregon1_010526, sample: 2
oregon1_010526,4610,22723,0.0,3564.0,4046.8,270.0,0.0,3564.0,0.0,3564.0,256.64,1850.2
oregon1_010526,4610,22723,0.0,3564.0,9539.05,155.0,0.0,3564.0,0.0,3564.0,360.279,1546.1
oregon1_010526,4610,22723,0.0,3564.0,15722.1,107.0,0.0,3564.0,0.0,3564.0,549.284,1238.3
oregon1_010526,4610,22723,0.0,3564.0,21903.0,90.0,0.0,3564.0,0.0,3564.0,822.437,974.9
oregon1_010526,4610,22723,0.0,3564.0,28084.3,71.0,0.0,3564.0,0.0,3564.0,1044.18,804.7
oregon1_010526,4610,22723,0.0,3564.0,34266.0,60.0,0.0,3564.0,0.0,3564.0,1296.19,682.8
oregon1_010526,4610,22723,0.0,3564.0,40189.1,56.0,0.0,3564.0,0.0,3564.0,1364.88,652.7
oregon1_010526,4610,22723,0.0,3564.0,46113.2,55.0,0.0,3564.0,0.0,3564.0,1404.78,641.5
oregon1_010526,4610,22723,0.0,3564.0,52038.3,48.0,0.0,3564.0,0.0,3564.0,1497.96,598.8
oregon1_010526,4610,22723,0.0,3564.0,57964.4,44.0,0.0,3564.0,464.608,1318.0,1752.89,525.0
Graph: oregon1_010526, sample: 3
oregon1_010526,4610,22723,160.449,2096.0,2544.96,379.0,611.302,1094.0,611.302,1094.0,257.148,1794.1
oregon1_010526,4610,22723,160.449,2096.0,6300.46,191.0,906.316,829.0,906.316,829.0,326.671,1622.7
oregon1_010526,4610,22723,160.449,2096.0,13570.0,119.0,996.857,767.0,996.857,767.0,424.332,1428.6
oregon1_010526,4610,22723,160.449,2096.0,18967.9,100.0,1057.98,739.0,1109.19,713.0,514.413,1282.5
oregon1_010526,4610,22723,160.449,2096.0,25224.1,81.0,1168.31,679.0,1285.58,627.0,613.487,1142.3
oregon1_010526,4610,22723,160.449,2096.0,31661.6,64.0,1195.58,665.0,1344.71,612.0,683.177,1055.5
oregon1_010526,4610,22723,160.449,2096.0,38099.3,56.0,1218.26,650.0,1441.76,580.0,781.366,957.8
oregon1_010526,4610,22723,160.449,2096.0,44218.5,55.0,1252.92,637.0,1468.95,573.0,857.117,889.2
oregon1_010526,4610,22723,160.449,2096.0,50305.7,50.0,1427.0,583.0,1491.0,566.0,997.544,807.4
oregon1_010526,4610,22723,160.449,2096.0,56393.9,45.0,1461.56,575.0,2299.85,405.0,1111.02,735.9
Graph: oregon1_010526, sample: 4
oregon1_010526,4610,22723,412.688,1409.0,5269.64,216.0,1478.28,571.0,1478.28,571.0,571.694,1168.7
oregon1_010526,4610,22723,412.688,1409.0,10025.3,147.0,1904.68,472.0,1904.68,472.0,844.852,956.5
oregon1_010526,4610,22723,412.688,1409.0,15163.0,110.0,1954.13,467.0,1954.13,467.0,1333.15,733.6
oregon1_010526,4610,22723,412.688,1409.0,23299.4,88.0,2013.96,456.0,2267.97,414.0,1554.27,613.8
oregon1_010526,4610,22723,412.688,1409.0,29857.5,67.0,2327.18,401.0,2517.44,380.0,1969.08,543.1
oregon1_010526,4610,22723,412.688,1409.0,36415.5,58.0,2347.58,396.0,2576.55,376.0,2197.72,473.1
oregon1_010526,4610,22723,412.688,1409.0,43214.7,55.0,2397.91,390.0,2804.88,361.0,2397.45,434.8
oregon1_010526,4610,22723,412.688,1409.0,50457.1,50.0,2422.53,388.0,2825.21,361.0,2530.35,416.1
oregon1_010526,4610,22723,412.688,1409.0,57373.8,44.0,2670.9,371.0,2874.99,357.0,2971.92,369.6
oregon1_010526,4610,22723,412.688,1409.0,64291.5,40.0,2733.46,366.0,3641.19,301.0,3080.94,356.2
Graph: oregon2_010526, sample: 0
oregon2_010526,4610,31899,2590.31,453.0,7385.22,200.0,4133.41,322.0,4133.41,322.0,2932.63,421.0
oregon2_010526,4610,31899,2590.31,453.0,10886.4,156.0,5662.15,245.0,5662.15,245.0,3287.56,388.9
oregon2_010526,4610,31899,2590.31,453.0,14388.5,126.0,5913.96,239.0,5913.96,239.0,3654.84,358.9
oregon2_010526,4610,31899,2590.31,453.0,18162.1,100.0,6160.28,234.0,6160.28,234.0,3811.96,348.7
oregon2_010526,4610,31899,2590.31,453.0,22379.9,89.0,6305.56,231.0,6419.23,230.0,4157.33,325.5
oregon2_010526,4610,31899,2590.31,453.0,26538.2,79.0,6475.78,227.0,6763.79,222.0,4482.0,305.0
oregon2_010526,4610,31899,2590.31,453.0,30640.2,70.0,6733.22,222.0,6932.17,215.0,4773.73,285.3
oregon2_010526,4610,31899,2590.31,453.0,34703.8,61.0,6914.08,215.0,7056.49,208.0,5167.08,270.8
oregon2_010526,4610,31899,2590.31,453.0,38517.0,60.0,7040.31,209.0,7238.4,202.0,5583.67,252.2
oregon2_010526,4610,31899,2590.31,453.0,42295.4,51.0,7203.8,203.0,7451.73,200.0,5858.91,242.3
Graph: oregon2_010526, sample: 1
oregon2_010526,4610,31899,843.137,949.0,4142.62,320.0,1775.35,588.0,1775.35,588.0,1093.08,829.8
oregon2_010526,4610,31899,843.137,949.0,6728.36,221.0,1775.35,588.0,1775.35,588.0,1255.37,766.9
oregon2_010526,4610,31899,843.137,949.0,9241.55,173.0,1905.54,553.0,1905.54,553.0,1412.33,705.7
oregon2_010526,4610,31899,843.137,949.0,11830.0,148.0,1988.33,537.0,1988.33,537.0,1580.77,667.2
oregon2_010526,4610,31899,843.137,949.0,14914.1,122.0,2050.62,531.0,2118.38,520.0,1672.62,640.5
oregon2_010526,4610,31899,843.137,949.0,17939.2,102.0,2119.29,519.0,2238.6,507.0,1771.47,623.5
oregon2_010526,4610,31899,843.137,949.0,20738.0,92.0,2246.41,505.0,2305.05,495.0,1862.41,597.5
oregon2_010526,4610,31899,843.137,949.0,23450.9,84.0,2332.65,489.0,2346.81,489.0,2027.75,560.5
oregon2_010526,4610,31899,843.137,949.0,26164.2,80.0,2375.26,485.0,2434.71,481.0,2271.92,529.9
oregon2_010526,4610,31899,843.137,949.0,28877.8,73.0,2487.32,475.0,2513.11,467.0,2497.21,494.4
Graph: oregon2_010526, sample: 2
oregon2_010526,4610,31899,223.424,1798.0,3948.87,340.0,472.976,1299.0,472.976,1299.0,483.21,1362.0
oregon2_010526,4610,31899,223.424,1798.0,6847.0,215.0,662.738,1085.0,662.738,1085.0,593.316,1267.5
oregon2_010526,4610,31899,223.424,1798.0,9650.52,169.0,714.279,1049.0,714.279,1049.0,768.264,1075.4
oregon2_010526,4610,31899,223.424,1798.0,12306.8,144.0,721.743,1042.0,721.743,1042.0,894.802,996.4
oregon2_010526,4610,31899,223.424,1798.0,15618.4,112.0,727.886,1039.0,747.012,1021.0,1144.71,880.9
oregon2_010526,4610,31899,223.424,1798.0,18977.0,98.0,752.116,1016.0,807.615,967.0,1306.71,826.9
oregon2_010526,4610,31899,223.424,1798.0,22152.5,88.0,777.323,992.0,831.601,956.0,1431.27,757.1
oregon2_010526,4610,31899,223.424,1798.0,25328.4,81.0,797.268,972.0,856.358,940.0,1695.25,644.5
oregon2_010526,4610,31899,223.424,1798.0,28504.8,73.0,822.249,961.0,876.298,926.0,1763.71,623.0
oregon2_010526,4610,31899,223.424,1798.0,31584.6,69.0,876.23,926.0,901.576,916.0,2011.29,573.1
Graph: oregon2_010526, sample: 3
oregon2_010526,4610,31899,534.896,1225.0,4283.19,315.0,1168.36,762.0,1168.36,762.0,878.016,959.3
oregon2_010526,4610,31899,534.896,1225.0,7174.11,203.0,1430.67,683.0,1430.67,683.0,1139.17,849.6
oregon2_010526,4610,31899,534.896,1225.0,9992.51,165.0,1484.71,665.0,1484.71,665.0,1232.29,806.2
oregon2_010526,4610,31899,534.896,1225.0,12664.9,141.0,1492.36,663.0,1492.36,663.0,1367.05,763.0
oregon2_010526,4610,31899,534.896,1225.0,16003.1,110.0,1492.36,663.0,1525.29,649.0,1599.9,672.5
oregon2_010526,4610,31899,534.896,1225.0,19311.0,97.0,1522.31,650.0,1576.79,639.0,1996.84,573.2
oregon2_010526,4610,31899,534.896,1225.0,22455.3,88.0,1555.13,645.0,1606.33,631.0,2199.53,536.7
oregon2_010526,4610,31899,534.896,1225.0,25600.1,80.0,1570.37,640.0,1641.73,620.0,2335.78,509.9
oregon2_010526,4610,31899,534.896,1225.0,28745.5,73.0,1606.03,631.0,1656.93,617.0,2451.92,495.4
oregon2_010526,4610,31899,534.896,1225.0,31813.6,67.0,1668.15,614.0,1678.35,613.0,2724.06,460.4
Graph: oregon2_010526, sample: 4
oregon2_010526,4610,31899,52.0763,2644.0,1143.89,775.0,1143.89,775.0,1143.89,775.0,156.702,2082.7
oregon2_010526,4610,31899,52.0763,2644.0,4910.84,273.0,2087.49,527.0,2087.49,527.0,213.378,1863.6
oregon2_010526,4610,31899,52.0763,2644.0,7795.7,190.0,2180.24,512.0,2180.24,512.0,320.963,1600.7
oregon2_010526,4610,31899,52.0763,2644.0,10618.9,156.0,2262.89,501.0,2262.89,501.0,384.225,1472.1
oregon2_010526,4610,31899,52.0763,2644.0,14084.0,126.0,2277.87,499.0,2297.56,495.0,485.657,1326.7
oregon2_010526,4610,31899,52.0763,2644.0,17508.3,105.0,2355.26,487.0,2456.89,479.0,546.485,1244.3
oregon2_010526,4610,31899,52.0763,2644.0,20914.5,92.0,2389.84,485.0,2533.99,462.0,654.715,1129.6
oregon2_010526,4610,31899,52.0763,2644.0,24321.1,81.0,2400.06,483.0,2630.42,451.0,710.689,1073.9
oregon2_010526,4610,31899,52.0763,2644.0,27728.3,73.0,2496.75,472.0,2640.63,451.0,759.603,1034.7
oregon2_010526,4610,31899,52.0763,2644.0,31050.9,70.0,2577.58,457.0,2700.73,448.0,846.778,963.2
Graph: Homo_sapiens, sample: 0
Homo_sapiens,4605,60366,9764.72,853.0,20554.3,423.0,10988.3,765.0,10988.3,765.0,10225.7,816.4
Homo_sapiens,4605,60366,9764.72,853.0,31099.5,257.0,11960.6,703.0,11960.6,703.0,10557.3,793.5
Homo_sapiens,4605,60366,9764.72,853.0,40562.8,185.0,13036.6,668.0,13036.6,668.0,11114.1,759.7
Homo_sapiens,4605,60366,9764.72,853.0,49687.5,146.0,13993.0,634.0,13908.2,637.0,11498.6,739.6
Homo_sapiens,4605,60366,9764.72,853.0,58467.2,118.0,14854.5,597.0,14854.5,597.0,12309.3,702.6
Homo_sapiens,4605,60366,9764.72,853.0,67124.5,104.0,15613.3,554.0,15613.3,554.0,12639.2,685.8
Homo_sapiens,4605,60366,9764.72,853.0,75711.6,90.0,16442.2,535.0,16442.2,535.0,12929.6,671.4
Homo_sapiens,4605,60366,9764.72,853.0,84221.5,74.0,16875.7,518.0,17274.6,512.0,13284.7,653.9
Homo_sapiens,4605,60366,9764.72,853.0,92713.6,67.0,17484.9,507.0,18100.6,489.0,14107.1,622.7
Homo_sapiens,4605,60366,9764.72,853.0,101125.0,60.0,18319.4,484.0,18523.5,480.0,14947.8,598.7
Graph: Homo_sapiens, sample: 1
Homo_sapiens,4605,60366,5372.21,1299.0,15369.0,571.0,6341.29,1187.0,6341.29,1187.0,5937.35,1233.5
Homo_sapiens,4605,60366,5372.21,1299.0,25219.3,339.0,7044.22,1118.0,7044.22,1118.0,6224.25,1205.5
Homo_sapiens,4605,60366,5372.21,1299.0,34353.8,224.0,7659.23,1061.0,7659.23,1061.0,6760.32,1150.7
Homo_sapiens,4605,60366,5372.21,1299.0,43441.1,169.0,8280.24,994.0,8375.32,985.0,7157.96,1105.6
Homo_sapiens,4605,60366,5372.21,1299.0,52122.5,134.0,8994.91,937.0,8995.13,937.0,7564.69,1064.8
Homo_sapiens,4605,60366,5372.21,1299.0,60675.2,113.0,9690.05,861.0,9690.27,861.0,7847.39,1036.9
Homo_sapiens,4605,60366,5372.21,1299.0,69183.4,99.0,10149.4,824.0,10149.8,824.0,8466.28,985.2
Homo_sapiens,4605,60366,5372.21,1299.0,77626.8,86.0,10641.2,786.0,10963.2,768.0,9182.22,927.7
Homo_sapiens,4605,60366,5372.21,1299.0,85948.5,74.0,11059.2,758.0,11785.6,713.0,9760.33,874.7
Homo_sapiens,4605,60366,5372.21,1299.0,94257.0,63.0,11881.1,708.0,12267.9,690.0,10278.6,837.4
Graph: Homo_sapiens, sample: 2
Homo_sapiens,4605,60366,11498.2,729.0,20563.8,423.0,12194.2,691.0,12194.2,691.0,11858.4,714.8
Homo_sapiens,4605,60366,11498.2,729.0,29598.3,270.0,13799.9,640.0,13799.9,640.0,12391.4,691.6
Homo_sapiens,4605,60366,11498.2,729.0,38488.4,200.0,14531.2,606.0,14531.2,606.0,12709.0,677.0
Homo_sapiens,4605,60366,11498.2,729.0,47360.0,155.0,15162.8,585.0,15021.1,592.0,12922.9,667.4
Homo_sapiens,4605,60366,11498.2,729.0,55614.9,126.0,15650.7,551.0,15650.7,551.0,13089.9,660.6
Homo_sapiens,4605,60366,11498.2,729.0,63694.4,108.0,16161.5,539.0,16161.5,539.0,13250.0,655.4
Homo_sapiens,4605,60366,11498.2,729.0,71741.0,97.0,16677.8,524.0,16677.8,524.0,13378.7,652.3
Homo_sapiens,4605,60366,11498.2,729.0,79477.3,83.0,17054.7,513.0,17311.7,511.0,13667.1,643.9
Homo_sapiens,4605,60366,11498.2,729.0,87175.0,70.0,17442.8,507.0,17884.0,494.0,13802.0,639.9
Homo_sapiens,4605,60366,11498.2,729.0,94859.8,63.0,18080.8,490.0,18255.2,484.0,14027.4,629.7
Graph: Homo_sapiens, sample: 3
Homo_sapiens,4605,60366,1294.64,2393.0,10025.4,833.0,2152.95,1967.0,2152.95,1967.0,1439.49,2309.6
Homo_sapiens,4605,60366,1294.64,2393.0,18727.0,474.0,2844.48,1759.0,2844.48,1759.0,1520.3,2265.8
Homo_sapiens,4605,60366,1294.64,2393.0,27186.3,309.0,3513.67,1590.0,3513.67,1590.0,1629.11,2207.5
Homo_sapiens,4605,60366,1294.64,2393.0,35516.8,218.0,4085.92,1490.0,4048.43,1493.0,1763.4,2140.1
Homo_sapiens,4605,60366,1294.64,2393.0,42655.9,172.0,4612.9,1404.0,4612.9,1404.0,1895.05,2081.8
Homo_sapiens,4605,60366,1294.64,2393.0,49651.1,148.0,5121.63,1324.0,5121.63,1324.0,2025.24,2025.2
Homo_sapiens,4605,60366,1294.64,2393.0,56092.0,125.0,5598.38,1274.0,5598.38,1274.0,2142.18,1977.9
Homo_sapiens,4605,60366,1294.64,2393.0,62471.7,112.0,5989.74,1225.0,6174.75,1202.0,2288.86,1923.9
Homo_sapiens,4605,60366,1294.64,2393.0,68745.3,101.0,6341.43,1187.0,6765.58,1140.0,2424.11,1882.2
Homo_sapiens,4605,60366,1294.64,2393.0,75150.7,91.0,6918.33,1129.0,7141.68,1112.0,2503.02,1856.2
Graph: Homo_sapiens, sample: 4
Homo_sapiens,4605,60366,427.218,3207.0,9112.94,923.0,1082.96,2533.0,1082.96,2533.0,485.56,3124.1
Homo_sapiens,4605,60366,427.218,3207.0,17695.1,497.0,1412.29,2324.0,1412.29,2324.0,549.669,3040.9
Homo_sapiens,4605,60366,427.218,3207.0,26043.7,327.0,1852.77,2097.0,1852.77,2097.0,792.404,2828.8
Homo_sapiens,4605,60366,427.218,3207.0,34275.6,226.0,2227.47,1940.0,2200.62,1944.0,888.484,2731.2
Homo_sapiens,4605,60366,427.218,3207.0,41306.6,180.0,2569.2,1837.0,2569.2,1837.0,1276.24,2551.0
Homo_sapiens,4605,60366,427.218,3207.0,48297.3,152.0,2903.22,1744.0,2903.22,1744.0,1391.29,2464.8
Homo_sapiens,4605,60366,427.218,3207.0,54652.8,128.0,3225.87,1658.0,3225.87,1658.0,1825.55,2244.1
Homo_sapiens,4605,60366,427.218,3207.0,60971.6,113.0,3495.31,1595.0,3578.32,1581.0,1946.68,2176.7
Homo_sapiens,4605,60366,427.218,3207.0,67164.4,104.0,3669.13,1561.0,3937.01,1516.0,2013.29,2140.0
Homo_sapiens,4605,60366,427.218,3207.0,73981.3,93.0,4025.04,1497.0,4194.34,1471.0,2321.11,2012.9
Graph: GoogleNw, sample: 0
GoogleNw,4610,117052,75.0899,1791.0,14035.8,55.0,75.0899,1791.0,75.0899,1791.0,252.012,1525.8
GoogleNw,4610,117052,75.0899,1791.0,27999.0,36.0,75.3073,1788.0,75.3073,1788.0,366.164,1404.2
GoogleNw,4610,117052,75.0899,1791.0,41966.1,24.0,76.5777,1779.0,1046.97,588.0,709.618,1257.2
GoogleNw,4610,117052,75.0899,1791.0,55937.2,20.0,77.0576,1775.0,1877.2,390.0,741.134,1169.7
GoogleNw,4610,117052,75.0899,1791.0,69912.3,19.0,78.191,1763.0,1878.47,390.0,848.046,1077.0
GoogleNw,4610,117052,75.0899,1791.0,83891.4,19.0,78.9412,1756.0,1878.97,390.0,854.619,1051.9
GoogleNw,4610,117052,75.0899,1791.0,97872.1,18.0,90.1385,1662.0,1880.11,390.0,861.611,1031.9
GoogleNw,4610,117052,75.0899,1791.0,104976.0,18.0,91.7656,1649.0,1880.88,390.0,1327.15,970.8
GoogleNw,4610,117052,75.0899,1791.0,111911.0,18.0,1063.37,583.0,1892.29,387.0,1332.89,958.2
GoogleNw,4610,117052,75.0899,1791.0,118512.0,17.0,1066.32,583.0,1893.91,386.0,1338.34,945.5
Graph: GoogleNw, sample: 1
GoogleNw,4610,117052,0.00250941,4050.0,8790.06,100.0,0.00250941,4050.0,0.00250941,4050.0,61.2769,2682.5
GoogleNw,4610,117052,0.00250941,4050.0,17581.6,49.0,0.00250941,4050.0,0.00250941,4050.0,101.408,1901.1
GoogleNw,4610,117052,0.00250941,4050.0,26375.2,37.0,0.00250941,4050.0,0.00626724,4050.0,330.215,1331.1
GoogleNw,4610,117052,0.00250941,4050.0,35170.9,27.0,0.0196034,4043.0,0.0125063,4050.0,383.922,1161.8
GoogleNw,4610,117052,0.00250941,4050.0,43968.5,23.0,0.0247848,4042.0,0.0125063,4050.0,436.19,1051.1
GoogleNw,4610,117052,0.00250941,4050.0,52768.1,20.0,0.0472567,4040.0,0.0464046,4040.0,556.114,984.5
GoogleNw,4610,117052,0.00250941,4050.0,61569.5,20.0,0.291688,3977.0,0.0567405,4037.0,614.554,915.7
GoogleNw,4610,117052,0.00250941,4050.0,66483.1,20.0,0.295364,3976.0,0.101185,4006.0,678.766,853.7
GoogleNw,4610,117052,0.00250941,4050.0,71786.5,19.0,0.306867,3974.0,0.583312,3931.0,764.69,793.1
GoogleNw,4610,117052,0.00250941,4050.0,76912.1,19.0,0.351083,3969.0,0.586989,3931.0,877.733,725.9
Graph: GoogleNw, sample: 2
GoogleNw,4610,117052,5.0547,3568.0,8722.35,101.0,5.0547,3565.0,5.0547,3565.0,14.4211,3183.2
GoogleNw,4610,117052,5.0547,3568.0,17440.5,49.0,5.11531,3551.0,5.11531,3551.0,16.7724,3069.9
GoogleNw,4610,117052,5.0547,3568.0,26159.2,37.0,5.24031,3549.0,92.61,1637.0,31.4762,2737.4
GoogleNw,4610,117052,5.0547,3568.0,34879.1,28.0,5.35796,3533.0,179.342,1271.0,115.009,2337.6
GoogleNw,4610,117052,5.0547,3568.0,43600.0,25.0,5.50416,3525.0,179.467,1271.0,117.172,2276.3
GoogleNw,4610,117052,5.0547,3568.0,52322.0,21.0,5.658,3514.0,179.602,1271.0,122.515,2228.5
GoogleNw,4610,117052,5.0547,3568.0,61044.8,21.0,6.75084,3454.0,179.754,1271.0,124.901,2186.4
GoogleNw,4610,117052,5.0547,3568.0,64389.0,20.0,7.04023,3435.0,179.93,1271.0,129.816,2131.6
GoogleNw,4610,117052,5.0547,3568.0,69266.1,19.0,94.5387,1618.0,181.265,1266.0,131.19,2108.9
GoogleNw,4610,117052,5.0547,3568.0,73957.8,19.0,95.126,1614.0,181.554,1265.0,133.509,2064.9
Graph: GoogleNw, sample: 3
GoogleNw,4610,117052,10.118,3277.0,13413.5,56.0,10.118,3277.0,10.118,3277.0,87.9587,2846.7
GoogleNw,4610,117052,10.118,3277.0,26819.5,37.0,10.3581,3261.0,10.3581,3261.0,165.265,2536.4
GoogleNw,4610,117052,10.118,3277.0,40229.4,24.0,11.0579,3216.0,685.674,741.0,169.304,2425.0
GoogleNw,4610,117052,10.118,3277.0,53643.4,20.0,12.4363,3137.0,1225.13,539.0,456.683,2066.5
GoogleNw,4610,117052,10.118,3277.0,67061.3,19.0,13.1,3118.0,1225.83,539.0,534.53,1783.5
GoogleNw,4610,117052,10.118,3277.0,80480.9,19.0,15.2891,3042.0,1227.23,539.0,612.149,1535.1
GoogleNw,4610,117052,10.118,3277.0,93883.5,18.0,23.1115,2796.0,1227.9,539.0,616.427,1497.6
GoogleNw,4610,117052,10.118,3277.0,100725.0,18.0,25.2883,2734.0,1230.11,538.0,757.447,1277.9
GoogleNw,4610,117052,10.118,3277.0,107368.0,18.0,700.55,734.0,1238.15,535.0,834.773,1229.4
GoogleNw,4610,117052,10.118,3277.0,113635.0,17.0,703.326,733.0,1240.33,533.0,839.091,1202.5
Graph: GoogleNw, sample: 4
GoogleNw,4610,117052,1371.95,495.0,15867.8,52.0,1371.95,495.0,1371.95,495.0,1489.05,474.2
GoogleNw,4610,117052,1371.95,495.0,30365.5,33.0,1372.11,495.0,1372.11,495.0,2296.19,416.3
GoogleNw,4610,117052,1371.95,495.0,44867.1,23.0,1372.64,494.0,3023.62,265.0,2579.12,375.1
GoogleNw,4610,117052,1371.95,495.0,59372.7,20.0,1373.12,494.0,3956.81,215.0,2938.65,333.0
GoogleNw,4610,117052,1371.95,495.0,73882.4,19.0,1373.42,493.0,3957.34,215.0,3393.45,300.1
GoogleNw,4610,117052,1371.95,495.0,88395.9,19.0,1374.44,493.0,3957.83,215.0,3509.43,288.2
GoogleNw,4610,117052,1371.95,495.0,102912.0,18.0,1381.35,492.0,3958.14,215.0,3554.37,283.3
GoogleNw,4610,117052,1371.95,495.0,110240.0,18.0,1383.61,492.0,3959.18,215.0,3677.46,276.5
GoogleNw,4610,117052,1371.95,495.0,117465.0,17.0,3035.09,264.0,3966.4,214.0,3880.61,260.9
GoogleNw,4610,117052,1371.95,495.0,124418.0,16.0,3039.13,264.0,3968.65,214.0,3972.99,256.9
