Graph,Nodes,Edges,k,In. Score,In. Rank,Fin. Score Greedy,Fin. Rank Greedy,Fin. Score Degree,Fin. Rank Degree,Fin. Score Betw.,Fin. Rank Betw.,Fin. Score Random,Fin. Rank Random
Graph: subelj_jung-j_jung-j, sample: 0
subelj_jung-j_jung-j,6120,50535,0.0,1752.0,335.0,296.0,0.0,1752.0,0.0,1752.0,4.96667,1642.8
subelj_jung-j_jung-j,6120,50535,0.0,1752.0,599.0,230.0,0.0,1752.0,0.0,1752.0,11.6667,1528.1
subelj_jung-j_jung-j,6120,50535,0.0,1752.0,797.0,199.0,0.0,1752.0,0.0,1752.0,13.1533,1406.2
subelj_jung-j_jung-j,6120,50535,0.0,1752.0,931.0,188.0,0.0,1752.0,0.0,1752.0,19.8533,1291.5
subelj_jung-j_jung-j,6120,50535,0.0,1752.0,1065.0,173.0,0.0,1752.0,0.0,1752.0,21.5033,1269.0
subelj_jung-j_jung-j,6120,50535,0.0,1752.0,1199.0,165.0,0.0,1752.0,0.0,1752.0,21.5033,1269.0
subelj_jung-j_jung-j,6120,50535,0.0,1752.0,1333.0,152.0,72.8,579.0,0.0,1752.0,21.5033,1269.0
subelj_jung-j_jung-j,6120,50535,0.0,1752.0,1467.0,142.0,72.8,579.0,0.0,1752.0,25.32,1148.1
subelj_jung-j_jung-j,6120,50535,0.0,1752.0,1592.27,133.0,106.2,486.0,0.0,1752.0,31.3633,966.0
subelj_jung-j_jung-j,6120,50535,0.0,1752.0,1704.6,128.0,106.2,486.0,0.0,1752.0,41.2533,932.1
Graph: subelj_jung-j_jung-j, sample: 1
subelj_jung-j_jung-j,6120,50535,0.0,1752.0,163233.0,4.0,163099.0,3.0,163039.0,3.0,379.894,626.0
subelj_jung-j_jung-j,6120,50535,0.0,1752.0,164570.0,3.0,164570.0,3.0,164389.0,3.0,483.533,433.8
subelj_jung-j_jung-j,6120,50535,0.0,1752.0,165351.0,3.0,165351.0,3.0,164389.0,3.0,956.255,336.1
subelj_jung-j_jung-j,6120,50535,0.0,1752.0,165856.0,3.0,165372.0,3.0,164702.0,3.0,1030.96,299.4
subelj_jung-j_jung-j,6120,50535,0.0,1752.0,166256.0,3.0,165389.0,3.0,164713.0,3.0,1092.24,266.4
subelj_jung-j_jung-j,6120,50535,0.0,1752.0,166640.0,3.0,165637.0,3.0,164738.0,3.0,1480.92,218.1
subelj_jung-j_jung-j,6120,50535,0.0,1752.0,166940.0,3.0,165802.0,3.0,164913.0,3.0,1541.95,208.2
subelj_jung-j_jung-j,6120,50535,0.0,1752.0,167240.0,3.0,165933.0,3.0,164931.0,3.0,1590.41,194.2
subelj_jung-j_jung-j,6120,50535,0.0,1752.0,167473.0,3.0,166041.0,3.0,164948.0,3.0,1683.85,181.7
subelj_jung-j_jung-j,6120,50535,0.0,1752.0,167679.0,3.0,166203.0,3.0,164948.0,3.0,2042.65,165.9
Graph: subelj_jung-j_jung-j, sample: 2
subelj_jung-j_jung-j,6120,50535,0.0,1752.0,957662.0,3.0,957662.0,3.0,957457.0,3.0,960.484,440.0
subelj_jung-j_jung-j,6120,50535,0.0,1752.0,960138.0,2.0,960138.0,2.0,960067.0,2.0,1176.63,253.1
subelj_jung-j_jung-j,6120,50535,0.0,1752.0,961504.0,2.0,961241.0,2.0,960068.0,2.0,4587.81,163.4
subelj_jung-j_jung-j,6120,50535,0.0,1752.0,962607.0,2.0,961252.0,2.0,960160.0,2.0,98723.8,127.1
subelj_jung-j_jung-j,6120,50535,0.0,1752.0,963695.0,2.0,961253.0,2.0,960174.0,2.0,99855.5,99.1
subelj_jung-j_jung-j,6120,50535,0.0,1752.0,964511.0,2.0,961372.0,2.0,960179.0,2.0,101909.0,69.1
subelj_jung-j_jung-j,6120,50535,0.0,1752.0,965062.0,2.0,961679.0,2.0,960200.0,2.0,102990.0,61.4
subelj_jung-j_jung-j,6120,50535,0.0,1752.0,965610.0,2.0,961729.0,2.0,960204.0,2.0,103131.0,57.0
subelj_jung-j_jung-j,6120,50535,0.0,1752.0,966156.0,2.0,962067.0,2.0,960217.0,2.0,103267.0,54.4
subelj_jung-j_jung-j,6120,50535,0.0,1752.0,966702.0,2.0,962116.0,2.0,960217.0,2.0,103495.0,52.3
Graph: subelj_jung-j_jung-j, sample: 3
subelj_jung-j_jung-j,6120,50535,3671.71,85.0,1381340.0,2.0,1381330.0,2.0,1380150.0,2.0,5785.36,70.1
subelj_jung-j_jung-j,6120,50535,3671.71,85.0,1396640.0,1.0,1396640.0,1.0,1395800.0,1.0,6870.62,61.4
subelj_jung-j_jung-j,6120,50535,3671.71,85.0,1404440.0,1.0,1404440.0,1.0,1395800.0,1.0,7632.47,53.7
subelj_jung-j_jung-j,6120,50535,3671.71,85.0,1406790.0,1.0,1404590.0,1.0,1396250.0,1.0,7947.23,50.5
subelj_jung-j_jung-j,6120,50535,3671.71,85.0,1408480.0,1.0,1404690.0,1.0,1396380.0,1.0,8468.49,44.6
subelj_jung-j_jung-j,6120,50535,3671.71,85.0,1409830.0,1.0,1405160.0,1.0,1396450.0,1.0,10177.9,40.3
subelj_jung-j_jung-j,6120,50535,3671.71,85.0,1410840.0,1.0,1405880.0,1.0,1396600.0,1.0,10730.2,36.3
subelj_jung-j_jung-j,6120,50535,3671.71,85.0,1411820.0,1.0,1406160.0,1.0,1396630.0,1.0,11259.6,34.3
subelj_jung-j_jung-j,6120,50535,3671.71,85.0,1412570.0,1.0,1406850.0,1.0,1396730.0,1.0,24116.1,30.2
subelj_jung-j_jung-j,6120,50535,3671.71,85.0,1413290.0,1.0,1407060.0,1.0,1396730.0,1.0,36294.1,25.4
Graph: subelj_jung-j_jung-j, sample: 4
subelj_jung-j_jung-j,6120,50535,1485.54,138.0,6322.54,48.0,6054.63,53.0,6054.63,53.0,1514.32,136.4
subelj_jung-j_jung-j,6120,50535,1485.54,138.0,6662.54,48.0,6054.71,53.0,6054.71,51.0,1515.22,136.2
subelj_jung-j_jung-j,6120,50535,1485.54,138.0,6863.54,46.0,6054.77,52.0,6054.71,51.0,1516.32,136.1
subelj_jung-j_jung-j,6120,50535,1485.54,138.0,6999.54,46.0,6054.77,52.0,6054.77,51.0,1521.68,135.9
subelj_jung-j_jung-j,6120,50535,1485.54,138.0,7135.54,45.0,6054.77,52.0,6054.83,51.0,1522.98,135.9
subelj_jung-j_jung-j,6120,50535,1485.54,138.0,7271.54,45.0,6054.77,52.0,6055.54,51.0,1527.73,135.2
subelj_jung-j_jung-j,6120,50535,1485.54,138.0,7407.54,40.0,6128.57,50.0,6055.54,51.0,1531.23,134.9
subelj_jung-j_jung-j,6120,50535,1485.54,138.0,7543.54,38.0,6128.63,50.0,6055.54,51.0,2003.13,125.7
subelj_jung-j_jung-j,6120,50535,1485.54,138.0,7668.81,38.0,6162.07,50.0,6055.54,51.0,2003.93,125.6
subelj_jung-j_jung-j,6120,50535,1485.54,138.0,7782.14,36.0,6162.12,50.0,6055.54,51.0,2011.63,125.1
Graph: wiki-Vote, sample: 0
wiki-Vote,7115,103523,6362.94,782.0,49875.0,112.0,38409.2,159.0,13567.5,473.0,8029.8,703.3
wiki-Vote,7115,103523,6362.94,782.0,89197.5,60.0,43000.5,140.0,16560.3,394.0,10243.5,608.0
wiki-Vote,7115,103523,6362.94,782.0,123369.0,30.0,49104.3,114.0,22243.6,300.0,11934.1,541.6
wiki-Vote,7115,103523,6362.94,782.0,155370.0,20.0,61105.1,90.0,22881.3,292.0,13544.1,481.6
wiki-Vote,7115,103523,6362.94,782.0,185334.0,16.0,62912.8,86.0,32509.2,207.0,16498.4,406.3
wiki-Vote,7115,103523,6362.94,782.0,211666.0,12.0,64147.0,83.0,39207.4,157.0,17844.2,384.7
wiki-Vote,7115,103523,6362.94,782.0,237011.0,8.0,67395.1,82.0,40015.0,155.0,20284.0,338.8
wiki-Vote,7115,103523,6362.94,782.0,261193.0,6.0,69633.4,78.0,42447.9,141.0,21467.2,320.9
wiki-Vote,7115,103523,6362.94,782.0,283349.0,6.0,71702.4,74.0,66166.9,83.0,23568.2,290.6
wiki-Vote,7115,103523,6362.94,782.0,304654.0,6.0,79302.5,65.0,69147.6,78.0,24810.7,278.1
Graph: wiki-Vote, sample: 1
wiki-Vote,7115,103523,5311.58,850.0,32314.7,210.0,6742.31,763.0,5320.09,850.0,5887.38,815.9
wiki-Vote,7115,103523,5311.58,850.0,56719.5,97.0,6981.04,754.0,5320.09,850.0,8765.23,698.2
wiki-Vote,7115,103523,5311.58,850.0,80733.0,64.0,7038.88,752.0,5572.53,832.0,10107.3,637.9
wiki-Vote,7115,103523,5311.58,850.0,103310.0,43.0,8452.49,684.0,5587.67,832.0,11201.0,590.7
wiki-Vote,7115,103523,5311.58,850.0,125626.0,31.0,8459.35,683.0,5687.09,826.0,11766.2,569.8
wiki-Vote,7115,103523,5311.58,850.0,146894.0,24.0,8538.95,681.0,5834.78,813.0,13220.4,519.5
wiki-Vote,7115,103523,5311.58,850.0,168087.0,21.0,8546.54,681.0,5834.78,813.0,13937.0,498.0
wiki-Vote,7115,103523,5311.58,850.0,187263.0,17.0,8551.25,681.0,5839.5,813.0,15478.6,452.1
wiki-Vote,7115,103523,5311.58,850.0,206021.0,15.0,8561.51,681.0,7248.11,736.0,16340.6,431.2
wiki-Vote,7115,103523,5311.58,850.0,224541.0,10.0,9114.66,656.0,7258.41,734.0,17592.2,408.1
Graph: wiki-Vote, sample: 2
wiki-Vote,7115,103523,0.0,1691.0,26500.9,251.0,637.644,1336.0,0.0,1691.0,623.219,1489.1
wiki-Vote,7115,103523,0.0,1691.0,50751.6,111.0,777.881,1315.0,5.11563,1677.0,1563.95,1308.2
wiki-Vote,7115,103523,0.0,1691.0,74238.4,72.0,835.645,1302.0,173.389,1446.0,1851.96,1254.9
wiki-Vote,7115,103523,0.0,1691.0,96495.5,50.0,1289.83,1249.0,187.117,1437.0,3017.54,1093.0
wiki-Vote,7115,103523,0.0,1691.0,117784.0,35.0,1305.41,1247.0,266.475,1409.0,5627.3,970.8
wiki-Vote,7115,103523,0.0,1691.0,138835.0,26.0,1357.14,1244.0,342.33,1392.0,6613.05,884.7
wiki-Vote,7115,103523,0.0,1691.0,159798.0,20.0,1357.14,1244.0,342.484,1392.0,7920.37,801.5
wiki-Vote,7115,103523,0.0,1691.0,178722.0,17.0,1371.91,1241.0,357.462,1390.0,8515.36,766.6
wiki-Vote,7115,103523,0.0,1691.0,197328.0,14.0,1384.11,1241.0,954.481,1286.0,9015.55,736.0
wiki-Vote,7115,103523,0.0,1691.0,215854.0,12.0,1551.72,1231.0,969.852,1281.0,9548.42,706.2
Graph: wiki-Vote, sample: 3
wiki-Vote,7115,103523,183475.0,16.0,226271.0,9.0,201330.0,14.0,184048.0,16.0,184861.0,16.0
wiki-Vote,7115,103523,183475.0,16.0,268191.0,6.0,209141.0,14.0,184911.0,16.0,186225.0,16.0
wiki-Vote,7115,103523,183475.0,16.0,301799.0,6.0,212564.0,13.0,193525.0,15.0,188060.0,16.0
wiki-Vote,7115,103523,183475.0,16.0,334838.0,6.0,219367.0,11.0,194041.0,15.0,190348.0,15.8
wiki-Vote,7115,103523,183475.0,16.0,365715.0,5.0,222802.0,10.0,194539.0,15.0,191989.0,15.4
wiki-Vote,7115,103523,183475.0,16.0,393860.0,4.0,227184.0,10.0,196001.0,14.0,193749.0,15.0
wiki-Vote,7115,103523,183475.0,16.0,420763.0,4.0,227718.0,10.0,196225.0,14.0,195402.0,14.6
wiki-Vote,7115,103523,183475.0,16.0,446272.0,4.0,229176.0,10.0,197752.0,14.0,197031.0,14.4
wiki-Vote,7115,103523,183475.0,16.0,471283.0,4.0,233841.0,8.0,214609.0,12.0,200312.0,14.0
wiki-Vote,7115,103523,183475.0,16.0,494958.0,4.0,234975.0,8.0,217057.0,11.0,204076.0,13.7
Graph: wiki-Vote, sample: 4
wiki-Vote,7115,103523,1702.75,1214.0,40369.1,152.0,18521.6,360.0,3383.75,1008.0,3174.69,1038.4
wiki-Vote,7115,103523,1702.75,1214.0,72640.8,74.0,21338.9,306.0,3889.72,960.0,4965.53,887.3
wiki-Vote,7115,103523,1702.75,1214.0,104137.0,43.0,22995.4,291.0,7425.13,727.0,6152.49,808.1
wiki-Vote,7115,103523,1702.75,1214.0,134504.0,26.0,31906.3,211.0,7694.95,714.0,8276.57,694.8
wiki-Vote,7115,103523,1702.75,1214.0,163089.0,20.0,32358.5,208.0,10179.1,608.0,10387.7,624.5
wiki-Vote,7115,103523,1702.75,1214.0,188916.0,16.0,33026.5,202.0,12963.3,498.0,11705.0,572.0
wiki-Vote,7115,103523,1702.75,1214.0,214643.0,12.0,33738.7,197.0,13094.5,489.0,13702.1,497.2
wiki-Vote,7115,103523,1702.75,1214.0,238211.0,8.0,34111.0,193.0,13496.2,475.0,15451.2,447.9
wiki-Vote,7115,103523,1702.75,1214.0,260013.0,7.0,34633.5,191.0,27832.2,240.0,17062.7,404.3
wiki-Vote,7115,103523,1702.75,1214.0,280352.0,6.0,39134.5,156.0,28520.9,234.0,18724.7,368.9
Graph: elec, sample: 0
elec,7118,103487,0.0,1556.0,73381.9,62.0,405.692,1259.0,24.1637,1489.0,229.113,1486.7
elec,7118,103487,0.0,1556.0,133403.0,19.0,645.652,1208.0,64.09,1424.0,684.436,1366.3
elec,7118,103487,0.0,1556.0,180163.0,14.0,805.035,1184.0,116.821,1371.0,1815.76,1175.4
elec,7118,103487,0.0,1556.0,224629.0,10.0,49766.3,100.0,413.257,1257.0,2709.63,1046.9
elec,7118,103487,0.0,1556.0,251338.0,9.0,49917.5,98.0,509.68,1241.0,3602.76,953.9
elec,7118,103487,0.0,1556.0,275771.0,6.0,49940.3,98.0,528.069,1240.0,4941.18,870.4
elec,7118,103487,0.0,1556.0,298029.0,6.0,50064.4,98.0,574.652,1220.0,5402.79,837.5
elec,7118,103487,0.0,1556.0,320277.0,5.0,50126.0,98.0,640.065,1209.0,6304.37,777.6
elec,7118,103487,0.0,1556.0,342484.0,5.0,50250.4,97.0,735.274,1197.0,8976.28,632.0
elec,7118,103487,0.0,1556.0,360348.0,5.0,50302.1,97.0,752.747,1196.0,10094.2,580.9
Graph: elec, sample: 1
elec,7118,103487,6290.91,696.0,81154.4,51.0,9572.05,544.0,6538.82,682.0,7184.08,651.4
elec,7118,103487,6290.91,696.0,141569.0,17.0,10126.9,516.0,6906.46,661.0,8265.44,605.2
elec,7118,103487,6290.91,696.0,189399.0,13.0,11025.1,495.0,7260.8,641.0,9056.15,572.7
elec,7118,103487,6290.91,696.0,235716.0,7.0,60951.7,75.0,7875.91,612.0,10568.4,515.9
elec,7118,103487,6290.91,696.0,263263.0,4.0,61646.4,71.0,8112.81,601.0,12292.2,463.1
elec,7118,103487,6290.91,696.0,287861.0,4.0,61833.3,71.0,8259.25,598.0,13292.0,434.3
elec,7118,103487,6290.91,696.0,312349.0,3.0,62272.8,70.0,8392.0,593.0,15198.1,387.8
elec,7118,103487,6290.91,696.0,334946.0,3.0,62805.2,69.0,8967.74,575.0,17323.9,346.7
elec,7118,103487,6290.91,696.0,357362.0,3.0,63441.6,69.0,9775.88,530.0,18754.1,321.6
elec,7118,103487,6290.91,696.0,377169.0,3.0,63863.2,68.0,9892.77,526.0,19801.7,309.5
Graph: elec, sample: 2
elec,7118,103487,6702.31,675.0,80251.3,51.0,7637.58,629.0,6798.2,668.0,8073.67,613.9
elec,7118,103487,6702.31,675.0,140298.0,17.0,8109.8,601.0,6882.08,662.0,8776.17,584.2
elec,7118,103487,6702.31,675.0,187162.0,13.0,8322.59,594.0,7134.73,651.0,10162.9,536.7
elec,7118,103487,6702.31,675.0,231775.0,7.0,57381.7,85.0,7699.05,625.0,10889.1,508.5
elec,7118,103487,6702.31,675.0,258674.0,6.0,57584.4,85.0,7911.58,610.0,12241.3,466.9
elec,7118,103487,6702.31,675.0,283110.0,4.0,57669.8,85.0,7959.88,608.0,13821.3,419.0
elec,7118,103487,6702.31,675.0,305793.0,3.0,57775.1,85.0,8101.55,602.0,14772.6,398.5
elec,7118,103487,6702.31,675.0,328052.0,3.0,57888.6,85.0,8221.21,599.0,15487.2,386.1
elec,7118,103487,6702.31,675.0,350295.0,3.0,58241.2,82.0,8489.56,589.0,16456.5,364.2
elec,7118,103487,6702.31,675.0,368316.0,3.0,58405.8,82.0,8613.36,584.0,17188.0,351.5
Graph: elec, sample: 3
elec,7118,103487,0.0,1556.0,73518.2,61.0,570.605,1222.0,6.79372,1538.0,499.178,1337.5
elec,7118,103487,0.0,1556.0,133604.0,19.0,846.341,1182.0,20.0502,1500.0,1451.69,1161.1
elec,7118,103487,0.0,1556.0,180342.0,14.0,960.88,1170.0,96.5115,1396.0,2550.54,1034.7
elec,7118,103487,0.0,1556.0,225191.0,9.0,49905.4,98.0,399.073,1260.0,3688.97,917.9
elec,7118,103487,0.0,1556.0,252078.0,7.0,49997.5,96.0,463.842,1248.0,4527.2,855.8
elec,7118,103487,0.0,1556.0,276494.0,5.0,50004.0,96.0,468.865,1248.0,5752.96,767.5
elec,7118,103487,0.0,1556.0,300125.0,5.0,50113.7,96.0,506.019,1242.0,7806.64,633.1
elec,7118,103487,0.0,1556.0,322560.0,4.0,50138.9,96.0,531.976,1239.0,9131.05,572.3
elec,7118,103487,0.0,1556.0,344807.0,4.0,50278.1,96.0,563.69,1228.0,9875.16,544.2
elec,7118,103487,0.0,1556.0,363505.0,4.0,50304.7,96.0,595.263,1214.0,11703.8,492.9
Graph: elec, sample: 4
elec,7118,103487,0.0,1556.0,74620.4,60.0,2725.44,957.0,20.1551,1499.0,1136.42,1214.7
elec,7118,103487,0.0,1556.0,134957.0,17.0,3046.9,931.0,78.7198,1406.0,1748.88,1114.2
elec,7118,103487,0.0,1556.0,182141.0,14.0,3391.86,914.0,130.728,1363.0,2753.43,994.5
elec,7118,103487,0.0,1556.0,228278.0,8.0,52778.6,94.0,473.248,1245.0,4059.92,873.7
elec,7118,103487,0.0,1556.0,255861.0,7.0,53021.1,94.0,499.47,1242.0,4728.61,812.6
elec,7118,103487,0.0,1556.0,280822.0,6.0,53039.4,94.0,519.294,1240.0,6221.11,716.9
elec,7118,103487,0.0,1556.0,305250.0,4.0,53187.7,93.0,546.032,1233.0,7935.46,643.2
elec,7118,103487,0.0,1556.0,327975.0,3.0,53350.9,93.0,715.71,1198.0,9763.02,579.1
elec,7118,103487,0.0,1556.0,350338.0,3.0,53732.4,93.0,1028.92,1160.0,11538.0,513.9
elec,7118,103487,0.0,1556.0,370359.0,3.0,53883.9,93.0,1044.73,1158.0,12488.6,486.0
Graph: freeassoc, sample: 0
freeassoc,10617,72165,11965.4,2421.0,63572.2,239.0,62391.1,248.0,62391.1,248.0,16959.7,1798.8
freeassoc,10617,72165,11965.4,2421.0,102294.0,79.0,98752.0,89.0,84447.9,133.0,21990.0,1375.4
freeassoc,10617,72165,11965.4,2421.0,135577.0,43.0,135577.0,43.0,118827.0,60.0,26852.8,1078.9
freeassoc,10617,72165,11965.4,2421.0,160425.0,27.0,160425.0,27.0,144616.0,36.0,31478.6,849.2
freeassoc,10617,72165,11965.4,2421.0,182391.0,18.0,182111.0,18.0,157960.0,27.0,37234.9,672.6
freeassoc,10617,72165,11965.4,2421.0,202479.0,11.0,197509.0,13.0,189231.0,16.0,40900.0,577.8
freeassoc,10617,72165,11965.4,2421.0,220078.0,10.0,210613.0,11.0,200962.0,11.0,44831.0,492.7
freeassoc,10617,72165,11965.4,2421.0,235418.0,7.0,227943.0,9.0,213917.0,11.0,48614.1,435.6
freeassoc,10617,72165,11965.4,2421.0,249861.0,7.0,243921.0,8.0,225296.0,10.0,51834.2,392.3
freeassoc,10617,72165,11965.4,2421.0,263753.0,7.0,254877.0,7.0,236959.0,10.0,57185.6,324.5
Graph: freeassoc, sample: 1
freeassoc,10617,72165,7162.48,3298.0,33322.7,753.0,25037.0,1138.0,25037.0,1138.0,11694.9,2492.4
freeassoc,10617,72165,7162.48,3298.0,52020.9,372.0,48127.4,428.0,35960.6,662.0,14886.2,2076.8
freeassoc,10617,72165,7162.48,3298.0,66529.2,218.0,60593.8,271.0,58015.2,291.0,20549.8,1533.0
freeassoc,10617,72165,7162.48,3298.0,80050.1,152.0,74435.0,182.0,72100.3,188.0,24092.6,1301.1
freeassoc,10617,72165,7162.48,3298.0,91403.3,109.0,89171.3,115.0,78829.1,153.0,28246.3,1069.3
freeassoc,10617,72165,7162.48,3298.0,102348.0,80.0,99716.1,89.0,89203.6,115.0,33578.4,822.2
freeassoc,10617,72165,7162.48,3298.0,112405.0,66.0,108032.0,71.0,97509.7,93.0,36541.7,704.4
freeassoc,10617,72165,7162.48,3298.0,122140.0,58.0,117243.0,60.0,105914.0,75.0,40662.4,584.9
freeassoc,10617,72165,7162.48,3298.0,131721.0,47.0,127810.0,49.0,111211.0,65.0,45564.9,482.3
freeassoc,10617,72165,7162.48,3298.0,140462.0,38.0,135259.0,43.0,119412.0,60.0,49784.8,411.2
Graph: freeassoc, sample: 2
freeassoc,10617,72165,26732.0,1055.0,40839.1,560.0,40839.1,560.0,40839.1,560.0,30239.8,892.8
freeassoc,10617,72165,26732.0,1055.0,52622.8,364.0,52622.8,364.0,47325.6,434.0,32662.8,793.1
freeassoc,10617,72165,26732.0,1055.0,62067.9,252.0,62067.9,252.0,58761.1,284.0,36031.8,681.9
freeassoc,10617,72165,26732.0,1055.0,70999.9,196.0,69776.6,198.0,66608.8,218.0,39055.8,598.2
freeassoc,10617,72165,26732.0,1055.0,79098.9,153.0,77874.9,161.0,70817.4,197.0,43128.4,512.2
freeassoc,10617,72165,26732.0,1055.0,86396.2,130.0,83895.5,134.0,79195.0,153.0,46001.4,463.2
freeassoc,10617,72165,26732.0,1055.0,93383.5,105.0,88731.4,120.0,83874.4,134.0,50879.3,392.0
freeassoc,10617,72165,26732.0,1055.0,100145.0,89.0,94350.3,101.0,88711.1,120.0,54788.4,342.1
freeassoc,10617,72165,26732.0,1055.0,106542.0,75.0,100668.0,86.0,92341.1,106.0,60372.8,281.6
freeassoc,10617,72165,26732.0,1055.0,112829.0,64.0,104988.0,78.0,96939.8,94.0,63594.7,252.5
Graph: freeassoc, sample: 3
freeassoc,10617,72165,32966.2,770.0,61978.9,253.0,61978.9,253.0,61978.9,253.0,38109.0,616.6
freeassoc,10617,72165,32966.2,770.0,87056.7,127.0,87056.7,127.0,74222.4,183.0,41641.1,540.6
freeassoc,10617,72165,32966.2,770.0,108899.0,70.0,108899.0,70.0,98507.3,89.0,44980.4,477.3
freeassoc,10617,72165,32966.2,770.0,128283.0,49.0,125811.0,50.0,115894.0,60.0,49731.7,405.8
freeassoc,10617,72165,32966.2,770.0,144533.0,36.0,144533.0,36.0,124584.0,53.0,53798.5,352.3
freeassoc,10617,72165,32966.2,770.0,159404.0,27.0,156375.0,29.0,143676.0,39.0,58164.2,304.1
freeassoc,10617,72165,32966.2,770.0,171772.0,21.0,166720.0,23.0,154113.0,31.0,62803.2,261.6
freeassoc,10617,72165,32966.2,770.0,183339.0,17.0,178240.0,21.0,164464.0,23.0,66343.5,231.7
freeassoc,10617,72165,32966.2,770.0,194623.0,14.0,191882.0,16.0,171898.0,21.0,70111.4,206.4
freeassoc,10617,72165,32966.2,770.0,205648.0,12.0,201106.0,13.0,181716.0,18.0,74230.6,185.1
Graph: freeassoc, sample: 4
freeassoc,10617,72165,21347.7,1376.0,69292.2,202.0,61299.9,264.0,61299.9,264.0,26025.1,1097.3
freeassoc,10617,72165,21347.7,1376.0,103148.0,80.0,99520.2,89.0,78036.6,159.0,31954.9,825.5
freeassoc,10617,72165,21347.7,1376.0,131104.0,47.0,126357.0,49.0,113997.0,62.0,36833.5,666.7
freeassoc,10617,72165,21347.7,1376.0,152485.0,33.0,147786.0,33.0,136204.0,43.0,41506.5,562.6
freeassoc,10617,72165,21347.7,1376.0,173020.0,22.0,172567.0,22.0,146811.0,33.0,46281.0,468.2
freeassoc,10617,72165,21347.7,1376.0,192071.0,14.0,189462.0,16.0,169494.0,22.0,52300.9,386.8
freeassoc,10617,72165,21347.7,1376.0,209023.0,12.0,202335.0,11.0,182533.0,18.0,57097.3,328.1
freeassoc,10617,72165,21347.7,1376.0,224084.0,9.0,215043.0,11.0,195715.0,13.0,60887.7,287.1
freeassoc,10617,72165,21347.7,1376.0,237855.0,7.0,232054.0,9.0,204189.0,11.0,66020.2,244.9
freeassoc,10617,72165,21347.7,1376.0,250430.0,7.0,243414.0,8.0,216656.0,11.0,70975.8,209.8
Graph: dblp-cite, sample: 0
dblp-cite,12591,49407,5115.0,1462.0,92052.7,57.0,82182.4,65.0,48644.1,144.0,11051.1,892.6
dblp-cite,12591,49407,5115.0,1462.0,150919.0,25.0,128038.0,30.0,57523.5,110.0,16797.4,594.1
dblp-cite,12591,49407,5115.0,1462.0,199368.0,16.0,165492.0,21.0,80055.4,66.0,22182.6,438.0
dblp-cite,12591,49407,5115.0,1462.0,235610.0,13.0,206439.0,15.0,98469.2,47.0,27923.5,336.9
dblp-cite,12591,49407,5115.0,1462.0,264466.0,13.0,213694.0,14.0,103682.0,42.0,34778.6,251.6
dblp-cite,12591,49407,5115.0,1462.0,291331.0,13.0,229463.0,13.0,122387.0,33.0,42563.0,191.3
dblp-cite,12591,49407,5115.0,1462.0,317827.0,12.0,253468.0,13.0,141986.0,27.0,49658.7,154.5
dblp-cite,12591,49407,5115.0,1462.0,343465.0,10.0,262662.0,13.0,168713.0,20.0,55722.9,126.7
dblp-cite,12591,49407,5115.0,1462.0,367229.0,10.0,280969.0,13.0,172334.0,19.0,60839.6,110.3
dblp-cite,12591,49407,5115.0,1462.0,390186.0,10.0,286884.0,13.0,174464.0,19.0,68053.0,92.4
Graph: dblp-cite, sample: 1
dblp-cite,12591,49407,9414.85,998.0,61432.4,98.0,40291.2,196.0,10676.5,917.0,14113.8,710.8
dblp-cite,12591,49407,9414.85,998.0,109670.0,38.0,59024.8,108.0,10748.7,909.0,18490.7,548.2
dblp-cite,12591,49407,9414.85,998.0,155783.0,23.0,78626.2,67.0,14787.6,666.0,24452.6,407.2
dblp-cite,12591,49407,9414.85,998.0,182240.0,18.0,124425.0,33.0,18133.2,532.0,29320.3,324.2
dblp-cite,12591,49407,9414.85,998.0,207612.0,15.0,125043.0,33.0,18582.2,524.0,34167.5,262.1
dblp-cite,12591,49407,9414.85,998.0,232497.0,13.0,130638.0,30.0,19870.5,491.0,39854.5,207.8
dblp-cite,12591,49407,9414.85,998.0,256506.0,13.0,155489.0,23.0,25695.8,365.0,45113.8,168.7
dblp-cite,12591,49407,9414.85,998.0,280331.0,13.0,156390.0,23.0,43729.2,170.0,49847.4,146.4
dblp-cite,12591,49407,9414.85,998.0,303082.0,13.0,178359.0,18.0,44573.5,168.0,54057.5,128.0
dblp-cite,12591,49407,9414.85,998.0,325628.0,12.0,181384.0,18.0,44799.1,166.0,59949.5,108.0
Graph: dblp-cite, sample: 2
dblp-cite,12591,49407,0.0,2455.0,42212.5,181.0,16078.4,612.0,13858.7,719.0,9721.17,1049.3
dblp-cite,12591,49407,0.0,2455.0,64913.5,94.0,18359.8,530.0,14488.9,683.0,14745.1,702.6
dblp-cite,12591,49407,0.0,2455.0,83555.1,64.0,30764.3,292.0,15732.8,632.0,20399.4,490.1
dblp-cite,12591,49407,0.0,2455.0,101099.0,47.0,32369.4,274.0,16728.3,581.0,24985.1,393.7
dblp-cite,12591,49407,0.0,2455.0,118308.0,36.0,32741.7,271.0,17013.0,573.0,32871.8,276.2
dblp-cite,12591,49407,0.0,2455.0,135429.0,31.0,33407.7,261.0,17829.2,541.0,37703.9,229.9
dblp-cite,12591,49407,0.0,2455.0,152463.0,27.0,34230.7,254.0,18685.0,522.0,42961.5,185.4
dblp-cite,12591,49407,0.0,2455.0,169359.0,23.0,34586.1,249.0,19602.4,498.0,48659.9,149.7
dblp-cite,12591,49407,0.0,2455.0,186222.0,18.0,40504.5,196.0,19776.3,495.0,53282.2,133.7
dblp-cite,12591,49407,0.0,2455.0,203038.0,17.0,40771.4,193.0,19876.4,492.0,57255.0,117.5
Graph: dblp-cite, sample: 3
dblp-cite,12591,49407,0.0,2455.0,54085.3,121.0,35380.3,239.0,18220.9,530.0,6719.68,1320.4
dblp-cite,12591,49407,0.0,2455.0,84965.1,63.0,41569.1,184.0,19738.6,496.0,15980.9,665.4
dblp-cite,12591,49407,0.0,2455.0,108673.0,38.0,57500.2,111.0,21375.6,452.0,23395.1,432.0
dblp-cite,12591,49407,0.0,2455.0,128476.0,31.0,71445.5,80.0,24566.7,382.0,29619.7,323.8
dblp-cite,12591,49407,0.0,2455.0,147719.0,28.0,72558.3,76.0,25264.8,368.0,34334.7,260.7
dblp-cite,12591,49407,0.0,2455.0,166680.0,22.0,75624.0,72.0,28100.5,332.0,40653.9,200.7
dblp-cite,12591,49407,0.0,2455.0,185528.0,17.0,82213.6,64.0,31681.7,283.0,46341.1,160.1
dblp-cite,12591,49407,0.0,2455.0,204100.0,16.0,83645.5,63.0,35357.8,239.0,51882.1,134.3
dblp-cite,12591,49407,0.0,2455.0,222640.0,14.0,93792.5,56.0,35938.8,231.0,57199.6,114.7
dblp-cite,12591,49407,0.0,2455.0,240652.0,13.0,94127.5,56.0,36324.9,227.0,62255.2,99.2
Graph: dblp-cite, sample: 4
dblp-cite,12591,49407,7133.17,1200.0,46700.0,155.0,25391.5,368.0,9070.62,1030.0,12777.0,781.2
dblp-cite,12591,49407,7133.17,1200.0,77863.3,67.0,34466.7,250.0,9735.37,973.0,17360.9,571.0
dblp-cite,12591,49407,7133.17,1200.0,101719.0,47.0,50288.5,134.0,13401.2,744.0,23194.8,419.9
dblp-cite,12591,49407,7133.17,1200.0,121967.0,35.0,68177.9,86.0,16200.3,604.0,27763.4,343.0
dblp-cite,12591,49407,7133.17,1200.0,142168.0,29.0,69226.7,84.0,16474.7,595.0,32649.4,278.3
dblp-cite,12591,49407,7133.17,1200.0,161900.0,23.0,72887.3,75.0,20614.4,467.0,38296.6,217.9
dblp-cite,12591,49407,7133.17,1200.0,181219.0,18.0,81977.2,64.0,24381.7,385.0,42890.7,183.4
dblp-cite,12591,49407,7133.17,1200.0,200169.0,17.0,84717.1,63.0,31470.6,286.0,47572.2,155.3
dblp-cite,12591,49407,7133.17,1200.0,218887.0,14.0,95951.8,55.0,31541.4,285.0,51902.1,134.6
dblp-cite,12591,49407,7133.17,1200.0,237454.0,13.0,97740.9,52.0,32014.6,277.0,56549.5,117.5
Graph: subelj_cora_cora, sample: 0
subelj_cora_cora,23166,91500,6801.57,3333.0,38158.9,904.0,38158.9,904.0,38158.9,904.0,11457.3,2672.8
subelj_cora_cora,23166,91500,6801.57,3333.0,57589.7,461.0,57589.7,461.0,55829.0,477.0,15862.0,2190.5
subelj_cora_cora,23166,91500,6801.57,3333.0,75498.9,275.0,73235.0,295.0,62891.3,405.0,20538.9,1786.3
subelj_cora_cora,23166,91500,6801.57,3333.0,91040.7,177.0,85462.6,208.0,74192.0,290.0,24969.9,1489.2
subelj_cora_cora,23166,91500,6801.57,3333.0,105376.0,118.0,96844.0,146.0,85282.5,209.0,29379.6,1249.8
subelj_cora_cora,23166,91500,6801.57,3333.0,117512.0,90.0,104593.0,123.0,96974.1,146.0,33576.1,1074.2
subelj_cora_cora,23166,91500,6801.57,3333.0,129186.0,62.0,110733.0,105.0,102452.0,127.0,38028.0,922.5
subelj_cora_cora,23166,91500,6801.57,3333.0,140584.0,51.0,120574.0,83.0,106204.0,116.0,41914.5,807.2
subelj_cora_cora,23166,91500,6801.57,3333.0,151563.0,39.0,130163.0,60.0,109297.0,111.0,47218.3,668.7
subelj_cora_cora,23166,91500,6801.57,3333.0,162510.0,33.0,134040.0,58.0,122770.0,81.0,51351.2,575.9
Graph: subelj_cora_cora, sample: 1
subelj_cora_cora,23166,91500,422.535,5160.0,16959.6,2060.0,4638.29,3721.0,4638.29,3721.0,4232.69,3957.5
subelj_cora_cora,23166,91500,422.535,5160.0,27771.1,1324.0,6822.52,3330.0,6522.69,3375.0,6503.35,3522.6
subelj_cora_cora,23166,91500,422.535,5160.0,38543.1,896.0,8308.48,3077.0,7365.97,3253.0,10844.4,2799.2
subelj_cora_cora,23166,91500,422.535,5160.0,44274.4,735.0,9447.45,2912.0,8364.47,3069.0,14120.7,2395.9
subelj_cora_cora,23166,91500,422.535,5160.0,49723.3,594.0,10427.6,2790.0,9355.46,2924.0,17399.8,2067.5
subelj_cora_cora,23166,91500,422.535,5160.0,55168.8,490.0,11095.4,2693.0,10394.2,2793.0,22278.2,1683.4
subelj_cora_cora,23166,91500,422.535,5160.0,60607.2,431.0,11583.5,2641.0,10816.3,2736.0,27188.1,1383.3
subelj_cora_cora,23166,91500,422.535,5160.0,66039.5,375.0,12375.6,2562.0,11148.5,2687.0,30532.7,1230.5
subelj_cora_cora,23166,91500,422.535,5160.0,71470.5,323.0,13059.0,2479.0,11427.5,2654.0,35912.7,1005.7
subelj_cora_cora,23166,91500,422.535,5160.0,76895.5,267.0,13334.9,2451.0,12456.0,2554.0,39758.4,879.6
Graph: subelj_cora_cora, sample: 2
subelj_cora_cora,23166,91500,34503.3,1037.0,57916.5,457.0,57916.5,457.0,57916.5,457.0,38508.5,904.7
subelj_cora_cora,23166,91500,34503.3,1037.0,75524.9,275.0,72335.6,308.0,70420.9,330.0,42036.7,799.0
subelj_cora_cora,23166,91500,34503.3,1037.0,89973.3,179.0,83968.9,214.0,74871.6,281.0,46540.2,678.4
subelj_cora_cora,23166,91500,34503.3,1037.0,104288.0,123.0,92973.4,165.0,83697.4,218.0,51634.8,561.8
subelj_cora_cora,23166,91500,34503.3,1037.0,115853.0,98.0,102233.0,127.0,94090.0,157.0,56006.4,489.0
subelj_cora_cora,23166,91500,34503.3,1037.0,127288.0,67.0,107541.0,112.0,102822.0,127.0,60697.5,435.2
subelj_cora_cora,23166,91500,34503.3,1037.0,138259.0,53.0,112241.0,101.0,107380.0,112.0,64716.1,388.2
subelj_cora_cora,23166,91500,34503.3,1037.0,149080.0,42.0,121867.0,82.0,110359.0,106.0,68450.6,349.1
subelj_cora_cora,23166,91500,34503.3,1037.0,159762.0,35.0,129883.0,60.0,112379.0,101.0,73361.2,302.2
subelj_cora_cora,23166,91500,34503.3,1037.0,170204.0,29.0,132500.0,58.0,124074.0,75.0,77613.3,265.7
Graph: subelj_cora_cora, sample: 3
subelj_cora_cora,23166,91500,0.0,5500.0,16170.4,2130.0,485.296,5095.0,485.296,5095.0,3772.62,4152.8
subelj_cora_cora,23166,91500,0.0,5500.0,26942.3,1361.0,792.463,4902.0,772.557,4917.0,8080.3,3266.9
subelj_cora_cora,23166,91500,0.0,5500.0,37708.2,923.0,1064.44,4727.0,892.032,4837.0,10252.9,2994.9
subelj_cora_cora,23166,91500,0.0,5500.0,43131.9,772.0,1306.23,4628.0,1101.58,4712.0,12954.6,2698.3
subelj_cora_cora,23166,91500,0.0,5500.0,48528.4,625.0,1502.93,4551.0,1334.9,4614.0,16205.8,2401.3
subelj_cora_cora,23166,91500,0.0,5500.0,53922.3,514.0,1661.4,4482.0,1567.01,4525.0,21052.3,2010.2
subelj_cora_cora,23166,91500,0.0,5500.0,59312.5,443.0,1782.91,4436.0,1672.64,4474.0,24293.3,1715.7
subelj_cora_cora,23166,91500,0.0,5500.0,64702.0,390.0,1993.22,4361.0,1752.51,4450.0,29138.7,1390.4
subelj_cora_cora,23166,91500,0.0,5500.0,70089.7,340.0,2180.08,4303.0,1797.66,4429.0,32918.8,1232.1
subelj_cora_cora,23166,91500,0.0,5500.0,75477.3,280.0,2253.31,4282.0,2045.87,4346.0,36160.7,1056.5
Graph: subelj_cora_cora, sample: 4
subelj_cora_cora,23166,91500,0.0,10940.0,91875.4,1568.0,81373.5,1700.0,91875.4,1568.0,39871.0,4977.2
subelj_cora_cora,23166,91500,0.0,10940.0,96403.0,1515.0,94673.0,1539.0,92646.5,1557.0,39876.9,4788.6
subelj_cora_cora,23166,91500,0.0,10940.0,100247.0,1471.0,96711.8,1511.0,92646.5,1557.0,39886.3,4653.8
subelj_cora_cora,23166,91500,0.0,10940.0,103121.0,1445.0,100663.0,1468.0,95467.2,1532.0,41146.2,4496.4
subelj_cora_cora,23166,91500,0.0,10940.0,104924.0,1432.0,101681.0,1461.0,97646.9,1498.0,41253.6,4460.2
subelj_cora_cora,23166,91500,0.0,10940.0,106668.0,1417.0,102340.0,1451.0,97714.8,1497.0,54970.3,3092.4
subelj_cora_cora,23166,91500,0.0,10940.0,107811.0,1408.0,102827.0,1447.0,97721.1,1497.0,54974.3,3090.8
subelj_cora_cora,23166,91500,0.0,10940.0,108831.0,1398.0,103984.0,1437.0,97793.9,1495.0,55099.8,3086.8
subelj_cora_cora,23166,91500,0.0,10940.0,109566.0,1393.0,105577.0,1427.0,97934.3,1495.0,55116.2,3069.6
subelj_cora_cora,23166,91500,0.0,10940.0,110186.0,1386.0,106041.0,1422.0,97956.7,1495.0,68930.4,1855.4
Graph: ego-twitter, sample: 0
ego-twitter,23370,33101,0.0,535.0,241.0,298.0,183.0,309.0,76.0,362.0,15.4,487.2
ego-twitter,23370,33101,0.0,535.0,337.0,272.0,183.0,309.0,76.0,362.0,30.6,436.4
ego-twitter,23370,33101,0.0,535.0,369.5,269.0,184.0,309.0,76.0,362.0,54.6,413.0
ego-twitter,23370,33101,0.0,535.0,396.0,264.0,187.0,308.0,76.0,362.0,76.8,377.6
ego-twitter,23370,33101,0.0,535.0,416.4,261.0,256.0,292.0,76.0,362.0,79.35,375.0
ego-twitter,23370,33101,0.0,535.0,431.4,259.0,294.5,282.0,77.0,362.0,92.15,361.2
ego-twitter,23370,33101,0.0,535.0,444.9,257.0,344.5,271.0,77.0,362.0,94.55,360.0
ego-twitter,23370,33101,0.0,535.0,457.05,256.0,362.65,270.0,77.0,362.0,98.55,356.2
ego-twitter,23370,33101,0.0,535.0,468.05,255.0,381.067,264.0,141.0,324.0,102.15,353.0
ego-twitter,23370,33101,0.0,535.0,478.05,255.0,384.067,264.0,141.0,324.0,116.75,348.6
Graph: ego-twitter, sample: 1
ego-twitter,23370,33101,1142.0,192.0,111577.0,8.0,69089.9,24.0,29300.2,29.0,8931.72,101.8
ego-twitter,23370,33101,1142.0,192.0,148693.0,6.0,69201.5,23.0,29302.7,29.0,15152.8,71.2
ego-twitter,23370,33101,1142.0,192.0,163791.0,2.0,69719.7,23.0,29321.3,29.0,27505.7,53.0
ego-twitter,23370,33101,1142.0,192.0,173404.0,2.0,71096.5,22.0,29880.5,29.0,41885.5,27.0
ego-twitter,23370,33101,1142.0,192.0,181046.0,2.0,101930.0,11.0,30213.4,28.0,56999.9,22.0
ego-twitter,23370,33101,1142.0,192.0,187776.0,2.0,129718.0,7.0,30638.3,28.0,58422.0,21.8
ego-twitter,23370,33101,1142.0,192.0,193681.0,2.0,138267.0,7.0,31250.5,28.0,59748.0,21.8
ego-twitter,23370,33101,1142.0,192.0,199416.0,2.0,160576.0,4.0,31336.7,28.0,66167.2,20.0
ego-twitter,23370,33101,1142.0,192.0,204396.0,2.0,166226.0,4.0,56809.6,24.0,73060.3,18.6
ego-twitter,23370,33101,1142.0,192.0,208873.0,1.0,167580.0,4.0,57561.4,24.0,73859.4,18.6
Graph: ego-twitter, sample: 2
ego-twitter,23370,33101,1.0,526.0,1876.5,156.0,1238.5,183.0,532.5,244.0,216.733,373.4
ego-twitter,23370,33101,1.0,526.0,2548.5,137.0,1238.67,183.0,532.5,244.0,528.633,270.6
ego-twitter,23370,33101,1.0,526.0,2772.5,128.0,1245.75,183.0,533.0,244.0,558.9,264.0
ego-twitter,23370,33101,1.0,526.0,2961.5,123.0,1266.8,183.0,533.0,244.0,624.7,255.6
ego-twitter,23370,33101,1.0,526.0,3101.5,122.0,1750.8,157.0,533.0,244.0,909.1,211.2
ego-twitter,23370,33101,1.0,526.0,3206.5,120.0,2225.0,142.0,539.5,242.0,937.1,208.4
ego-twitter,23370,33101,1.0,526.0,3299.0,119.0,2351.0,137.0,539.5,242.0,952.5,206.8
ego-twitter,23370,33101,1.0,526.0,3383.0,119.0,2698.0,129.0,539.5,242.0,970.7,205.0
ego-twitter,23370,33101,1.0,526.0,3460.0,119.0,2826.0,127.0,987.5,200.0,1112.9,192.6
ego-twitter,23370,33101,1.0,526.0,3530.0,119.0,2847.0,125.0,987.5,200.0,1163.5,189.2
Graph: ego-twitter, sample: 3
ego-twitter,23370,33101,0.0,535.0,6187.0,84.0,4209.0,107.0,1748.0,157.0,69.0,373.2
ego-twitter,23370,33101,0.0,535.0,8395.0,67.0,4209.0,107.0,1748.0,157.0,469.2,273.0
ego-twitter,23370,33101,0.0,535.0,9131.0,61.0,4232.0,107.0,1748.0,157.0,874.0,242.0
ego-twitter,23370,33101,0.0,535.0,9752.0,59.0,4301.0,106.0,1748.0,157.0,1844.6,194.2
ego-twitter,23370,33101,0.0,535.0,10212.0,53.0,5888.0,87.0,1748.0,157.0,2111.4,169.0
ego-twitter,23370,33101,0.0,535.0,10557.0,51.0,7406.0,69.0,1771.0,156.0,2484.0,159.8
ego-twitter,23370,33101,0.0,535.0,10856.0,51.0,7820.0,69.0,1771.0,156.0,2520.8,158.0
ego-twitter,23370,33101,0.0,535.0,11132.0,50.0,8234.0,68.0,1771.0,156.0,3224.6,137.4
ego-twitter,23370,33101,0.0,535.0,11385.0,47.0,9384.0,60.0,3243.0,120.0,3293.6,135.8
ego-twitter,23370,33101,0.0,535.0,11615.0,47.0,9453.0,60.0,3243.0,120.0,3615.6,131.6
Graph: ego-twitter, sample: 4
ego-twitter,23370,33101,4110.3,109.0,662368.0,2.0,282712.0,5.0,4156.31,109.0,36869.5,31.2
ego-twitter,23370,33101,4110.3,109.0,908090.0,2.0,282740.0,5.0,4157.19,109.0,81992.0,18.8
ego-twitter,23370,33101,4110.3,109.0,1041270.0,2.0,286100.0,5.0,4166.19,109.0,136528.0,11.4
ego-twitter,23370,33101,4110.3,109.0,1132010.0,2.0,296131.0,5.0,4706.19,100.0,163098.0,8.6
ego-twitter,23370,33101,4110.3,109.0,1204890.0,2.0,472929.0,4.0,78450.4,15.0,287392.0,7.6
ego-twitter,23370,33101,4110.3,109.0,1271810.0,2.0,788690.0,2.0,79309.3,15.0,300403.0,6.2
ego-twitter,23370,33101,4110.3,109.0,1321570.0,2.0,870885.0,2.0,145961.0,7.0,307093.0,5.8
ego-twitter,23370,33101,4110.3,109.0,1364950.0,2.0,1034940.0,2.0,175510.0,5.0,341199.0,4.6
ego-twitter,23370,33101,4110.3,109.0,1401730.0,2.0,1116780.0,2.0,315324.0,2.0,433481.0,4.2
ego-twitter,23370,33101,4110.3,109.0,1437710.0,2.0,1126790.0,2.0,317859.0,2.0,455607.0,4.2
Graph: ego-gplus, sample: 0
ego-gplus,23628,39237,27626.7,35.0,139240.0,5.0,96192.3,11.0,29660.1,31.0,53421.2,17.4
ego-gplus,23628,39237,27626.7,35.0,249866.0,3.0,97564.3,11.0,29922.1,30.0,78903.5,12.4
ego-gplus,23628,39237,27626.7,35.0,329265.0,2.0,164039.0,5.0,34169.0,26.0,99281.2,9.6
ego-gplus,23628,39237,27626.7,35.0,407319.0,2.0,197136.0,4.0,34657.2,26.0,119695.0,7.4
ego-gplus,23628,39237,27626.7,35.0,470392.0,2.0,197136.0,4.0,34843.2,26.0,142322.0,5.2
ego-gplus,23628,39237,27626.7,35.0,523748.0,2.0,244153.0,3.0,35023.3,26.0,158272.0,4.8
ego-gplus,23628,39237,27626.7,35.0,574476.0,2.0,260609.0,3.0,39338.7,23.0,177820.0,4.6
ego-gplus,23628,39237,27626.7,35.0,624594.0,2.0,277447.0,3.0,39513.1,23.0,197354.0,4.2
ego-gplus,23628,39237,27626.7,35.0,673689.0,2.0,293437.0,2.0,42751.3,21.0,213431.0,3.4
ego-gplus,23628,39237,27626.7,35.0,722226.0,1.0,341195.0,2.0,60725.5,15.0,238620.0,3.2
Graph: ego-gplus, sample: 1
ego-gplus,23628,39237,0.0,97.0,6901.57,62.0,6628.09,64.0,6169.18,65.0,5094.16,69.6
ego-gplus,23628,39237,0.0,97.0,7649.08,62.0,7139.64,62.0,6215.48,65.0,6426.09,64.8
ego-gplus,23628,39237,0.0,97.0,8186.17,60.0,7178.93,62.0,6302.78,65.0,6590.47,64.4
ego-gplus,23628,39237,0.0,97.0,8714.95,58.0,7434.46,62.0,6388.56,65.0,6743.55,63.6
ego-gplus,23628,39237,0.0,97.0,9223.49,57.0,7743.88,61.0,6449.96,65.0,6943.46,62.2
ego-gplus,23628,39237,0.0,97.0,9680.79,57.0,7888.12,60.0,6488.93,65.0,7121.86,62.0
ego-gplus,23628,39237,0.0,97.0,10024.7,57.0,8000.27,60.0,6543.92,65.0,7271.34,62.0
ego-gplus,23628,39237,0.0,97.0,10367.1,57.0,8143.06,60.0,6579.47,65.0,7486.41,62.0
ego-gplus,23628,39237,0.0,97.0,10687.3,57.0,8352.27,60.0,6589.32,65.0,7621.36,61.8
ego-gplus,23628,39237,0.0,97.0,11005.8,56.0,8587.28,58.0,6704.07,64.0,7772.8,61.2
Graph: ego-gplus, sample: 2
ego-gplus,23628,39237,44292.2,19.0,165153.0,4.0,129445.0,5.0,63525.4,14.0,64270.7,14.4
ego-gplus,23628,39237,44292.2,19.0,276160.0,3.0,203396.0,3.0,63921.8,14.0,90140.9,11.2
ego-gplus,23628,39237,44292.2,19.0,361278.0,3.0,214435.0,3.0,77078.9,12.0,113830.0,6.6
ego-gplus,23628,39237,44292.2,19.0,441207.0,3.0,251854.0,3.0,81899.2,11.0,131251.0,4.8
ego-gplus,23628,39237,44292.2,19.0,508336.0,3.0,301071.0,3.0,83827.9,10.0,148351.0,4.2
ego-gplus,23628,39237,44292.2,19.0,571743.0,3.0,320850.0,3.0,87872.6,10.0,168671.0,3.8
ego-gplus,23628,39237,44292.2,19.0,629734.0,2.0,338670.0,3.0,98573.1,8.0,197507.0,3.0
ego-gplus,23628,39237,44292.2,19.0,683895.0,2.0,356809.0,3.0,99427.8,8.0,219001.0,3.0
ego-gplus,23628,39237,44292.2,19.0,735054.0,2.0,405278.0,3.0,100815.0,8.0,252377.0,3.0
ego-gplus,23628,39237,44292.2,19.0,784430.0,2.0,439434.0,3.0,118430.0,6.0,278788.0,3.0
Graph: ego-gplus, sample: 3
ego-gplus,23628,39237,0.0,97.0,1267.85,78.0,1212.4,79.0,1134.0,78.0,486.457,88.0
ego-gplus,23628,39237,0.0,97.0,1395.6,76.0,1294.33,77.0,1138.01,78.0,1186.35,78.6
ego-gplus,23628,39237,0.0,97.0,1490.48,76.0,1294.33,77.0,1143.15,78.0,1219.17,78.0
ego-gplus,23628,39237,0.0,97.0,1581.98,75.0,1332.41,77.0,1152.17,78.0,1241.18,77.8
ego-gplus,23628,39237,0.0,97.0,1672.24,75.0,1388.43,76.0,1162.21,78.0,1263.18,77.2
ego-gplus,23628,39237,0.0,97.0,1735.32,75.0,1410.54,76.0,1169.97,78.0,1285.98,77.0
ego-gplus,23628,39237,0.0,97.0,1792.57,75.0,1431.64,76.0,1175.71,78.0,1312.15,77.0
ego-gplus,23628,39237,0.0,97.0,1847.79,75.0,1450.01,76.0,1179.87,78.0,1338.05,77.0
ego-gplus,23628,39237,0.0,97.0,1902.71,75.0,1489.15,76.0,1181.56,78.0,1364.62,76.6
ego-gplus,23628,39237,0.0,97.0,1957.41,74.0,1543.15,75.0,1200.89,78.0,1397.05,76.4
Graph: ego-gplus, sample: 4
ego-gplus,23628,39237,626.362,84.0,996.167,81.0,880.32,81.0,727.197,84.0,665.625,84.0
ego-gplus,23628,39237,626.362,84.0,1233.26,78.0,935.857,81.0,747.755,83.0,729.383,83.6
ego-gplus,23628,39237,626.362,84.0,1415.0,76.0,1183.06,78.0,818.077,83.0,788.627,82.8
ego-gplus,23628,39237,626.362,84.0,1551.34,75.0,1275.99,77.0,959.331,81.0,846.738,82.2
ego-gplus,23628,39237,626.362,84.0,1667.63,75.0,1370.13,77.0,1055.45,79.0,884.7,81.4
ego-gplus,23628,39237,626.362,84.0,1769.36,75.0,1425.69,76.0,1134.52,78.0,932.376,81.2
ego-gplus,23628,39237,626.362,84.0,1868.02,75.0,1501.28,76.0,1159.22,78.0,977.09,80.6
ego-gplus,23628,39237,626.362,84.0,1962.0,74.0,1534.21,75.0,1221.79,78.0,1015.36,80.0
ego-gplus,23628,39237,626.362,84.0,2043.47,73.0,1611.57,75.0,1221.79,78.0,1061.53,79.4
ego-gplus,23628,39237,626.362,84.0,2123.49,73.0,1694.09,75.0,1221.79,78.0,1118.74,78.4
Graph: munmun_digg_reply, sample: 0
munmun_digg_reply,6039,79461,4535.81,3269.0,16334.1,1561.0,12061.8,1945.0,6420.6,2831.0,6147.91,2897.3
munmun_digg_reply,6039,79461,4535.81,3269.0,26295.8,1006.0,17512.2,1485.0,7132.81,2674.0,7847.83,2554.3
munmun_digg_reply,6039,79461,4535.81,3269.0,35594.8,704.0,23903.1,1110.0,8287.37,2457.0,9744.58,2266.2
munmun_digg_reply,6039,79461,4535.81,3269.0,44700.0,518.0,31383.6,821.0,14980.1,1678.0,11382.2,2048.7
munmun_digg_reply,6039,79461,4535.81,3269.0,53744.6,409.0,34629.7,727.0,20200.6,1308.0,12501.1,1928.6
munmun_digg_reply,6039,79461,4535.81,3269.0,62361.0,334.0,40192.8,597.0,27270.3,972.0,15432.1,1665.5
munmun_digg_reply,6039,79461,4535.81,3269.0,70907.3,273.0,45043.4,512.0,30570.3,852.0,17018.4,1539.9
munmun_digg_reply,6039,79461,4535.81,3269.0,79421.5,228.0,48288.4,463.0,33997.9,744.0,18500.0,1437.7
munmun_digg_reply,6039,79461,4535.81,3269.0,87550.3,200.0,51326.2,426.0,35572.3,705.0,19964.2,1342.4
munmun_digg_reply,6039,79461,4535.81,3269.0,95610.4,168.0,55457.6,387.0,37305.5,667.0,21527.5,1248.8
Graph: munmun_digg_reply, sample: 1
munmun_digg_reply,6039,79461,41681.6,574.0,53084.1,414.0,50107.2,445.0,43932.9,531.0,43463.9,543.9
munmun_digg_reply,6039,79461,41681.6,574.0,62589.0,331.0,57195.3,382.0,44899.8,514.0,44703.8,522.8
munmun_digg_reply,6039,79461,41681.6,574.0,71201.0,274.0,62452.1,333.0,46328.5,492.0,45721.2,503.3
munmun_digg_reply,6039,79461,41681.6,574.0,79701.6,228.0,69444.3,277.0,53509.4,413.0,47193.3,483.5
munmun_digg_reply,6039,79461,41681.6,574.0,88150.8,194.0,72896.5,258.0,58772.3,367.0,49069.0,458.5
munmun_digg_reply,6039,79461,41681.6,574.0,96532.6,165.0,78076.6,234.0,66293.2,305.0,50593.3,440.5
munmun_digg_reply,6039,79461,41681.6,574.0,104370.0,148.0,82738.1,212.0,69801.7,276.0,51561.5,430.3
munmun_digg_reply,6039,79461,41681.6,574.0,112166.0,132.0,86184.8,204.0,73494.1,256.0,53730.1,409.5
munmun_digg_reply,6039,79461,41681.6,574.0,119777.0,119.0,89230.9,191.0,75795.9,245.0,54941.3,399.4
munmun_digg_reply,6039,79461,41681.6,574.0,127184.0,105.0,93033.7,173.0,77671.4,238.0,56414.5,385.8
Graph: munmun_digg_reply, sample: 2
munmun_digg_reply,6039,79461,104442.0,148.0,114659.0,125.0,106458.0,141.0,104837.0,146.0,105317.0,144.7
munmun_digg_reply,6039,79461,104442.0,148.0,122941.0,116.0,109238.0,138.0,105164.0,145.0,106573.0,142.2
munmun_digg_reply,6039,79461,104442.0,148.0,130397.0,102.0,111485.0,132.0,105618.0,144.0,107606.0,139.9
munmun_digg_reply,6039,79461,104442.0,148.0,137418.0,92.0,114972.0,124.0,108400.0,140.0,108693.0,138.2
munmun_digg_reply,6039,79461,104442.0,148.0,144353.0,81.0,116145.0,122.0,110643.0,135.0,109642.0,136.9
munmun_digg_reply,6039,79461,104442.0,148.0,150868.0,75.0,118577.0,120.0,112598.0,131.0,110720.0,134.8
munmun_digg_reply,6039,79461,104442.0,148.0,156961.0,71.0,120773.0,119.0,113790.0,128.0,112154.0,132.0
munmun_digg_reply,6039,79461,104442.0,148.0,162997.0,65.0,120773.0,119.0,115192.0,124.0,113166.0,129.7
munmun_digg_reply,6039,79461,104442.0,148.0,168937.0,62.0,122122.0,116.0,115944.0,122.0,114800.0,126.4
munmun_digg_reply,6039,79461,104442.0,148.0,174855.0,59.0,123391.0,116.0,116513.0,122.0,115932.0,123.8
Graph: munmun_digg_reply, sample: 3
munmun_digg_reply,6039,79461,194.116,5542.0,2504.54,3895.0,2504.54,3895.0,1294.9,4448.0,337.264,5324.6
munmun_digg_reply,6039,79461,194.116,5542.0,3651.84,3503.0,3454.56,3561.0,1758.42,4207.0,465.192,5165.3
munmun_digg_reply,6039,79461,194.116,5542.0,4629.84,3242.0,4065.79,3389.0,2155.53,4020.0,741.138,4892.0
munmun_digg_reply,6039,79461,194.116,5542.0,5236.64,3088.0,4521.99,3271.0,3266.92,3623.0,926.74,4717.6
munmun_digg_reply,6039,79461,194.116,5542.0,5757.53,2978.0,4801.75,3200.0,3922.7,3431.0,1061.72,4612.5
munmun_digg_reply,6039,79461,194.116,5542.0,6192.85,2896.0,5030.06,3138.0,4532.41,3269.0,1180.4,4530.2
munmun_digg_reply,6039,79461,194.116,5542.0,6616.2,2789.0,5248.58,3086.0,4817.08,3195.0,1357.88,4421.3
munmun_digg_reply,6039,79461,194.116,5542.0,7005.42,2700.0,5394.56,3054.0,5008.68,3145.0,1452.43,4365.2
munmun_digg_reply,6039,79461,194.116,5542.0,7383.05,2630.0,5556.37,3028.0,5162.05,3105.0,1654.24,4270.8
munmun_digg_reply,6039,79461,194.116,5542.0,7690.41,2573.0,5694.66,2995.0,5284.08,3078.0,1742.5,4224.2
Graph: munmun_digg_reply, sample: 4
munmun_digg_reply,6039,79461,7885.85,2530.0,15562.6,1630.0,9973.93,2198.0,8654.04,2388.0,8303.51,2454.5
munmun_digg_reply,6039,79461,7885.85,2530.0,21277.7,1242.0,11546.4,2006.0,8881.34,2351.0,8581.51,2403.8
munmun_digg_reply,6039,79461,7885.85,2530.0,26961.0,983.0,13234.5,1828.0,9336.47,2285.0,9092.14,2322.9
munmun_digg_reply,6039,79461,7885.85,2530.0,32533.9,790.0,14964.8,1680.0,11226.3,2036.0,9567.66,2255.0
munmun_digg_reply,6039,79461,7885.85,2530.0,38100.9,648.0,15860.6,1605.0,12616.0,1880.0,10333.1,2160.0
munmun_digg_reply,6039,79461,7885.85,2530.0,43601.8,542.0,16895.7,1527.0,14174.2,1742.0,10595.3,2124.5
munmun_digg_reply,6039,79461,7885.85,2530.0,49037.0,456.0,17981.3,1446.0,15081.3,1667.0,11033.9,2071.2
munmun_digg_reply,6039,79461,7885.85,2530.0,54333.5,401.0,18803.6,1396.0,15964.1,1596.0,11293.2,2037.1
munmun_digg_reply,6039,79461,7885.85,2530.0,59624.5,355.0,19570.3,1348.0,16519.8,1555.0,11641.1,1994.2
munmun_digg_reply,6039,79461,7885.85,2530.0,64913.2,311.0,20553.0,1278.0,16925.5,1523.0,12257.5,1931.8
Graph: linux, sample: 0
linux,5603,154136,2360.52,2995.0,39504.9,314.0,39504.9,314.0,24775.1,563.0,3143.07,2730.9
linux,5603,154136,2360.52,2995.0,59698.6,194.0,54367.8,212.0,48974.4,249.0,3526.28,2600.2
linux,5603,154136,2360.52,2995.0,75808.5,139.0,65471.0,167.0,61027.1,189.0,5148.12,2226.7
linux,5603,154136,2360.52,2995.0,91615.4,109.0,73042.0,147.0,73616.7,146.0,6012.87,2075.3
linux,5603,154136,2360.52,2995.0,103933.0,89.0,84330.5,124.0,78279.4,134.0,6648.35,1960.4
linux,5603,154136,2360.52,2995.0,115970.0,82.0,89314.1,114.0,87251.4,115.0,7697.6,1776.4
linux,5603,154136,2360.52,2995.0,125649.0,77.0,93023.5,106.0,89286.1,114.0,8837.61,1596.1
linux,5603,154136,2360.52,2995.0,132360.0,72.0,96462.6,102.0,90994.2,109.0,9341.31,1527.5
linux,5603,154136,2360.52,2995.0,138953.0,68.0,99621.4,95.0,92864.2,106.0,10529.4,1386.5
linux,5603,154136,2360.52,2995.0,145251.0,67.0,102150.0,93.0,95571.1,102.0,11006.5,1328.7
Graph: linux, sample: 1
linux,5603,154136,64246.4,172.0,84933.7,121.0,84933.7,121.0,73881.5,144.0,65334.2,168.7
linux,5603,154136,64246.4,172.0,105197.0,89.0,97120.7,100.0,92150.1,108.0,65609.6,168.1
linux,5603,154136,64246.4,172.0,121291.0,79.0,106894.0,90.0,102571.0,92.0,66087.9,166.5
linux,5603,154136,64246.4,172.0,134950.0,70.0,113770.0,85.0,114710.0,83.0,66341.5,165.1
linux,5603,154136,64246.4,172.0,146759.0,66.0,125011.0,77.0,119005.0,79.0,66696.9,163.3
linux,5603,154136,64246.4,172.0,157625.0,63.0,129767.0,73.0,127697.0,76.0,67065.2,162.1
linux,5603,154136,64246.4,172.0,166575.0,59.0,133395.0,72.0,129396.0,74.0,67483.8,161.1
linux,5603,154136,64246.4,172.0,173551.0,56.0,136930.0,69.0,131035.0,72.0,67992.6,160.1
linux,5603,154136,64246.4,172.0,179881.0,56.0,140207.0,68.0,132978.0,72.0,68355.9,159.7
linux,5603,154136,64246.4,172.0,186081.0,53.0,142793.0,68.0,135702.0,70.0,69046.6,158.1
Graph: linux, sample: 2
linux,5603,154136,1011.28,3740.0,20664.6,687.0,20664.6,687.0,12428.1,1125.0,1197.87,3602.2
linux,5603,154136,1011.28,3740.0,36169.9,354.0,29205.9,452.0,26388.9,520.0,1409.4,3465.2
linux,5603,154136,1011.28,3740.0,49393.3,247.0,36088.1,354.0,33721.9,389.0,1566.2,3368.4
linux,5603,154136,1011.28,3740.0,57916.9,197.0,40733.0,308.0,40337.3,309.0,1812.91,3231.7
linux,5603,154136,1011.28,3740.0,65503.9,167.0,46699.1,264.0,43297.3,287.0,1993.78,3149.1
linux,5603,154136,1011.28,3740.0,72585.7,148.0,49933.6,240.0,48724.0,251.0,2361.66,3004.2
linux,5603,154136,1011.28,3740.0,78691.6,134.0,52305.6,223.0,50091.2,237.0,2897.5,2836.6
linux,5603,154136,1011.28,3740.0,84000.8,125.0,54542.1,211.0,51091.3,232.0,3211.25,2754.7
linux,5603,154136,1011.28,3740.0,89242.0,114.0,56536.6,205.0,52300.0,223.0,3645.14,2659.3
linux,5603,154136,1011.28,3740.0,94020.1,105.0,58107.5,197.0,53961.7,212.0,3824.69,2594.6
Graph: linux, sample: 3
linux,5603,154136,24728.3,564.0,40159.6,309.0,34362.5,381.0,29007.4,458.0,24883.8,562.0
linux,5603,154136,24728.3,564.0,54334.2,213.0,40009.7,309.0,37464.2,344.0,25276.0,552.3
linux,5603,154136,24728.3,564.0,63967.1,174.0,44628.8,277.0,42387.7,292.0,25734.2,538.9
linux,5603,154136,24728.3,564.0,72393.4,150.0,47716.3,261.0,47862.7,260.0,25979.4,532.6
linux,5603,154136,24728.3,564.0,78566.6,135.0,52777.1,224.0,49809.1,241.0,26261.1,524.3
linux,5603,154136,24728.3,564.0,83868.7,127.0,54697.4,211.0,53773.4,215.0,26557.5,516.7
linux,5603,154136,24728.3,564.0,89050.9,115.0,56316.4,208.0,54763.4,211.0,26845.9,508.1
linux,5603,154136,24728.3,564.0,94095.2,103.0,57918.8,197.0,55490.3,210.0,27022.8,503.3
linux,5603,154136,24728.3,564.0,98967.6,95.0,59354.8,196.0,56434.3,206.0,27479.4,492.8
linux,5603,154136,24728.3,564.0,103750.0,89.0,60509.1,191.0,57532.5,198.0,27641.7,489.1
Graph: linux, sample: 4
linux,5603,154136,528.904,4239.0,9369.94,1444.0,6788.34,1811.0,5743.93,2092.0,858.844,3948.2
linux,5603,154136,528.904,4239.0,15562.2,910.0,7805.62,1638.0,7428.48,1693.0,1043.69,3782.6
linux,5603,154136,528.904,4239.0,17127.5,823.0,8555.59,1550.0,8271.34,1591.0,1341.48,3607.6
linux,5603,154136,528.904,4239.0,18636.9,753.0,9037.7,1488.0,9019.0,1493.0,1444.84,3528.3
linux,5603,154136,528.904,4239.0,20007.0,708.0,9666.04,1414.0,9335.98,1453.0,1701.59,3381.2
linux,5603,154136,528.904,4239.0,21370.9,672.0,9975.43,1376.0,9873.89,1386.0,1888.85,3258.5
linux,5603,154136,528.904,4239.0,22564.3,638.0,10219.6,1352.0,10012.7,1373.0,2021.13,3189.2
linux,5603,154136,528.904,4239.0,23647.5,601.0,10446.8,1323.0,10127.0,1361.0,2067.45,3167.9
linux,5603,154136,528.904,4239.0,24683.4,567.0,10638.7,1311.0,10243.6,1351.0,2156.16,3122.4
linux,5603,154136,528.904,4239.0,25695.3,541.0,10785.8,1296.0,10380.7,1330.0,2245.87,3080.6
